1804
2149
20
487
1640
2571
1580
493
2599
2169
1869
1649
457
2530
644
59
2398
2023
132
458
2389
15
776
319
752
318
2521
2479
584
1768
1044
849
1799
2255
1645
1214
1
717
2001
930
1633
2383
127
2045
1845
2017
540
32
2303
1757
2548
1455
64
1522
148
1931
1942
672
1175
2150
2068
1574
1465
1169
588
57
67
1829
1621
1742
679
355
1160
2556
56
561
617
532
1648
2488
1620
1496
975
720
2560
262
481
620
2572
1306
673
560
1939
1068
763
780
1336
2500
2115
1035
1752
868
1996
551
1291
526
1864
1196
1223
1828
668
2352
2239
1495
1625
1102
491
2159
1284
144
270
456
2006
959
1887
2395
341
2286
2552
2205
2314
1473
1857
2498
2071
1165
1445
2013
1647
157
1332
642
266
1914
2184
626
169
2380
2491
1153
774
932
199
410
1754
1818
1364
431
1453
1329
1958
1071
601
2188
1910
1979
2209
2136
832
49
2278
439
2484
1682
1385
1700
1008
1471
380
1231
1377
2077
1526
793
759
1506
809
1668
1484
289
418
96
240
50
1233
1945
2061
1043
784
1379
217
1559
2248
29
1427
525
1401
2058
2393
446
1817
1362
176
136
1181
800
1921
1675
1724
452
196
2114
1517
305
725
2512
1220
194
633
407
834
433
1371
858
1038
1618
72
2361
992
1806
651
3
2413
1457
1470
555
1097
1151
827
542
281
1984
1017
1466
443
405
1201
1656
801
1059
851
1246
1121
687
291
2272
219
2177
2031
10
921
14
1822
1680
1959
952
645
2251
1010
120
906
2160
382
846
190
1861
276
1237
2057
2591
856
2555
1370
1316
2219
1062
277
2227
2518
2487
86
1763
173
1881
2435
2459
814
350
150
934
2049
1150
2228
2399
476
1528
2120
1227
1503
1810
1170
1085
2474
2451
820
414
836
1148
172
2476
2072
1164
1538
2051
376
0
745
2168
36
1915
294
328
1190
189
903
2033
2313
251
749
114
1657
961
629
1178
1758
442
2018
2372
2250
808
1699
1895
385
314
2443
980
1106
1414
119
428
1415
2554
1210
206
1487
13
82
1389
2092
1547
1390
1217
352
1228
2377
796
1519
400
375
947
718
486
618
1902
213
941
2575
675
2382
512
1971
731
729
105
27
2455
1194
80
531
593
638
2153
1446
2471
1489
2409
2502
309
2073
2570
2550
1028
2189
1115
1602
1773
1373
1003
2020
282
232
2320
2334
2152
360
1844
529
333
1301
789
1688
1652
2433
295
2134
661
2309
2425
2075
1911
988
811
2367
613
1533
1089
1985
2311
2198
1797
2245
2244
869
187
2310
671
826
1213
437
1474
2346
1849
1161
1131
705
1031
1157
703
2523
1216
321
2422
1051
1416
2237
68
863
1572
740
2217
823
821
1504
427
1865
984
1130
181
265
1400
838
781
1739
702
692
524
1643
1361
1082
1167
345
1208
728
989
2290
616
2269
1072
2419
1548
1738
207
1030
2565
499
1450
2467
147
1095
1686
1826
1303
2301
670
2206
1065
786
412
1593
971
1001
2480
1919
1607
58
302
1146
1182
1200
2034
2447
573
1422
1681
158
2557
258
1101
794
312
1653
2336
955
1493
2238
1885
2450
2355
1488
174
1137
792
1565
2098
1147
894
52
658
1103
1577
2258
1968
324
2454
662
1541
1898
2007
224
1029
2162
1599
2342
1199
806
1388
28
598
1960
116
1331
2563
18
843
303
1913
406
1555
1279
963
92
1348
2128
1004
1874
1419
1250
1659
389
1111
2281
2376
1955
880
395
2489
156
2213
538
2224
409
1600
1568
565
1560
396
2190
1948
1448
2513
398
1597
2349
896
399
1777
1033
2358
1665
511
460
1375
2388
1784
2400
628
1554
708
2470
536
1730
1192
1274
1992
1327
2421
888
612
2035
1205
2266
2544
413
2509
1234
1922
381
1058
1639
772
2176
1516
320
153
610
1119
527
803
307
5
599
608
1606
2207
1372
1888
2574
1615
1355
1747
2578
247
2063
689
545
1268
2265
905
1426
1612
1951
908
553
940
2539
1026
2099
1138
2365
1134
1678
680
1042
1893
1575
411
1872
2496
810
986
367
746
504
919
2076
1691
743
726
88
2292
2589
1698
101
2116
1261
2541
118
53
1946
1344
1100
1876
1158
466
1998
2347
544
357
1801
387
1966
2050
1716
2008
577
1952
665
21
2402
323
1047
943
636
1673
2343
2517
1770
2439
43
184
1397
1697
1412
1605
2090
1827
1067
342
641
1407
2485
1788
1755
1452
1350
1007
2252
1934
2581
2022
1905
2241
1439
2229
1507
1045
2375
923
2525
709
178
1929
209
2478
2279
1765
2175
1338
556
865
779
719
2461
1093
2038
1658
1967
1491
1152
1163
2100
2081
1634
500
2066
1866
624
741
1900
182
408
1816
1843
907
1312
942
61
586
1432
1860
141
2240
404
667
1136
110
1337
931
1899
1897
1260
2235
6
1594
1094
372
250
623
377
1969
835
392
1088
134
1744
991
711
1982
1537
1275
1211
2448
1075
1662
1083
429
2132
911
1981
233
1557
1809
1975
1884
459
1262
1278
757
2144
2328
2088
1794
1609
1650
235
1110
39
349
2362
1145
2344
2586
693
1546
2163
386
2262
567
2527
465
2215
1149
1501
1733
2495
1578
1248
615
2430
1490
557
837
183
1613
891
683
107
993
74
1382
1296
1209
1166
2139
1459
480
1642
1842
914
1447
1732
2232
45
2522
1276
1663
468
371
2506
933
2351
2164
756
46
694
1295
1050
2086
2101
554
1315
1302
622
1391
1358
2562
1369
1916
1704
117
440
1061
2592
71
1482
2442
1421
967
2141
306
920
188
1195
634
1113
1383
2210
513
151
274
915
1486
401
873
706
2582
325
2002
913
2261
31
721
2233
2598
945
1092
647
1431
1532
164
109
1877
1013
1721
509
899
1875
812
2391
1339
1617
1041
1889
2438
1920
611
926
768
2234
700
1232
2493
299
37
1139
652
1405
1780
1290
1524
2119
474
1563
2157
79
704
1417
1713
1193
927
317
948
388
455
1815
1883
1679
1374
100
1015
1353
505
42
1614
982
2289
890
229
1644
2407
1991
1076
288
1635
1986
1060
2122
2204
348
1430
422
595
2508
1310
2271
650
63
1074
496
1090
2514
2288
892
1084
2060
1812
2564
1585
2
1531
2039
2348
2440
160
1669
867
2298
550
2410
815
528
1796
2024
2531
344
1823
97
987
600
1177
523
292
461
2285
1990
2561
402
2199
515
2412
2183
2192
2082
1325
669
1941
901
973
2536
733
1584
657
1692
201
1258
2296
1932
111
1535
145
682
1949
2027
1498
519
113
445
1444
448
807
2080
549
813
1020
1974
373
231
2464
238
379
1722
95
570
2197
585
2381
1009
2323
1118
1918
2106
1408
1514
2249
1753
2494
1049
602
347
260
55
2015
1485
848
2357
1129
664
2587
1702
51
239
1944
2025
230
1513
1569
1381
1354
2040
2180
137
1253
1518
2172
912
795
2528
878
297
1672
1880
2597
1778
646
1238
2436
2463
1241
2300
1396
730
2482
1429
2457
1398
1480
426
1014
771
1079
2596
1852
2267
2187
534
552
1174
1039
2293
1462
1326
2143
696
1477
283
1619
697
755
857
1711
1016
374
180
1511
1122
981
922
1197
135
2012
1244
2089
1321
263
140
450
2110
65
773
1176
2453
1046
1993
269
2360
983
816
16
1378
929
2280
1629
2173
886
11
1442
2532
1108
242
2097
1710
1545
1947
761
766
1235
1281
122
1873
1761
659
695
245
2354
477
272
2125
1053
475
2319
130
1901
1247
1750
2551
1277
1670
70
1410
714
1267
1909
2005
438
1628
2359
1764
734
748
1976
1087
1428
1890
1380
1135
131
1766
1767
2337
840
1789
1859
1402
953
964
2424
2330
1820
1655
1454
918
2418
1987
2573
2211
1867
1626
1586
2047
2091
1239
1938
1086
1188
501
678
1363
76
93
2321
885
564
1963
1464
162
167
1715
535
2202
635
1073
2353
1128
497
220
2146
2540
2370
1034
712
685
2276
2417
1304
639
1839
1832
2567
1863
976
2462
845
2170
1456
1737
2019
336
2243
492
1695
750
2585
234
1263
2193
252
1795
855
1924
1404
7
1077
2364
1286
1027
1520
2291
315
1540
2396
605
1749
1467
1995
185
1293
2145
195
747
22
753
1595
1309
653
997
640
186
2549
2510
1341
175
909
1186
1802
937
363
1418
326
2259
304
1610
769
2411
775
1891
228
1685
2053
916
831
1590
1099
2003
866
2324
862
210
1254
204
2118
1550
1162
1964
2284
444
1406
123
699
200
1242
1365
1500
2052
1570
1825
1311
1423
216
751
2070
1343
1143
1317
995
2067
799
25
1988
782
1288
1624
785
1359
767
264
1461
2492
2036
2350
2524
163
715
969
1723
1957
2044
287
1735
1245
1814
962
738
2519
1179
2257
2059
1666
2043
1709
1965
30
267
1409
1236
2308
1703
106
1183
2340
1782
2316
770
829
2338
1940
2533
2501
473
950
1132
1759
2186
1756
632
483
334
520
882
1858
2469
2472
2156
1630
253
2026
202
2010
1790
1314
364
2268
1917
2526
2048
1226
764
75
1904
1854
2475
415
2302
124
254
1285
2181
1124
2078
327
606
1611
133
666
1308
2373
1502
508
1551
356
255
1240
1144
798
990
1760
1552
533
2387
643
26
2305
81
516
112
138
66
996
1117
330
1896
956
1069
1564
2084
41
1556
115
898
649
2401
1469
2511
2201
2247
346
257
530
1005
1497
844
655
1994
1064
17
447
2368
1269
1935
1962
2064
2167
1706
2083
1970
949
960
2420
1349
1203
420
1549
278
701
1333
817
339
2158
2545
369
1481
1499
244
958
2416
2236
77
597
805
870
1127
1882
1437
977
416
84
198
1745
1180
1989
625
603
1318
928
1264
1265
221
1813
2133
171
2218
73
143
2085
2274
1751
1529
2378
2113
2260
503
1251
126
423
1908
290
329
1527
313
2131
1221
2534
1352
1368
2547
2016
852
2065
1098
467
470
23
2032
1056
1011
637
2108
758
1198
2021
2569
462
293
1868
2055
1081
1328
1202
2142
1846
90
1660
2339
1048
506
1096
797
998
596
2046
1871
2062
1126
2468
902
225
2208
1808
2306
193
1322
40
1492
1798
2406
2315
166
2590
1357
1687
1604
1395
1040
1156
1140
179
495
2138
424
754
760
1478
1212
1299
192
790
146
2444
1468
1105
1142
1583
1440
841
1978
1980
1785
2246
2322
469
154
2264
824
343
354
280
587
592
876
1847
1287
1032
2465
1272
1719
2394
1451
778
1443
881
1674
1259
1386
298
454
2423
619
1257
871
2231
884
161
1424
1853
2504
968
2579
149
19
2185
60
985
205
1266
1523
1023
546
1036
2222
271
663
1603
1627
1460
582
1280
818
951
904
1255
1999
1376
1831
954
2390
177
1305
2000
2121
1472
2553
2363
1937
2277
819
203
1515
1483
1582
1786
2460
1725
2095
121
1025
691
301
1168
2195
1903
732
197
627
91
2166
1319
2295
860
935
331
191
1811
316
1683
2127
2576
435
1313
1330
1215
104
1591
1701
1862
543
1185
777
1292
1114
2595
2486
1956
581
614
576
1771
2030
502
660
2203
2194
1792
1347
159
879
1743
2490
2345
2546
351
2405
847
129
788
1907
2507
589
2178
1207
275
566
514
1463
563
2516
2182
436
1494
1107
1154
1772
2568
910
2371
1741
1229
2096
1840
1018
742
1441
1638
978
2137
1342
938
261
1249
2538
2497
1654
1775
337
2165
1323
1803
403
1562
108
2140
1393
285
2094
1567
762
94
1592
2499
716
1307
1172
875
2196
688
2429
78
2212
1807
1836
1718
1651
243
2135
208
2379
434
397
872
1587
2441
1748
490
1366
521
1950
2584
1510
2428
2242
378
946
142
1300
804
1070
1762
1894
2369
889
1123
1728
2432
1283
583
1539
783
507
979
54
128
332
2304
390
1886
393
1230
33
999
735
1512
2294
125
1256
822
690
2155
2445
1632
1104
2174
1983
259
1850
2011
1791
1729
9
1912
559
579
1954
578
1187
2220
227
2356
1805
1589
1571
713
2151
1509
2331
1521
1392
2566
1052
1783
1930
2223
1356
384
1367
1078
2329
441
2283
1925
562
1120
1774
607
1184
1598
974
1693
484
1800
1690
463
1282
1581
2004
1530
2335
449
279
594
308
1425
286
471
311
222
1411
936
1838
1204
2427
833
2341
1159
656
1334
2270
1579
2253
2446
2520
917
674
609
897
1345
38
787
1689
2397
1923
300
1837
2112
2154
2042
575
966
2103
1576
1892
2535
2374
2230
1856
1936
1734
2225
2226
1346
957
893
2221
1543
1833
1830
1943
1222
1769
547
1002
2473
2312
2577
1631
895
335
2415
451
1661
488
1080
765
2126
370
2481
850
859
939
1664
1720
155
453
744
89
1736
2318
1054
139
1566
1573
2414
677
2384
1271
2437
2273
256
1841
2580
864
1351
214
2434
2109
571
1066
2147
1320
2275
1544
1435
359
569
1476
698
2102
2325
34
2542
236
2583
2129
353
1063
1878
1458
518
2299
2191
1588
1189
1776
1021
338
212
2333
537
2079
1646
1438
900
2028
972
464
2216
1508
1449
1360
1243
248
47
1553
994
724
541
1505
510
2200
2297
361
2171
1225
539
2282
1012
2543
2014
1294
24
1977
383
1623
