2310
2331
917
2497
316
1054
1738
2113
1133
982
1959
909
1147
410
511
1963
1544
2139
1834
2514
2451
1428
1701
1914
2158
229
447
685
1293
2179
807
220
1737
510
2581
2563
1474
905
132
2467
2038
70
2590
1000
1723
346
268
868
1438
217
47
1122
175
710
1825
2221
2501
2485
2309
649
22
1858
1586
721
2327
2415
574
777
479
1862
2049
1414
2026
1252
1878
1534
2087
1938
107
2371
874
1319
1360
273
307
2065
71
561
17
1473
729
218
2316
423
2061
2233
1953
769
1222
1270
883
1102
77
2062
659
286
735
913
2027
1951
2576
708
1530
1186
919
1142
2459
546
1479
2446
1778
1591
1622
1990
2241
2498
2287
1188
1183
1665
1672
245
1349
2553
436
2413
1337
1332
1673
177
692
2419
2286
462
597
1297
856
599
2001
1644
243
2102
2278
35
342
1286
2545
2169
261
1589
939
1523
2422
1517
199
1413
334
1287
9
1372
219
63
1243
1441
1590
1224
1329
683
1601
1053
2527
911
1542
1927
1895
641
2223
2489
852
2340
1419
967
2515
1617
1923
1083
1336
82
1264
1128
1725
2039
338
113
1756
2293
2513
1240
1678
1260
813
1005
2526
1116
2232
1253
396
2260
1735
764
364
996
354
2540
1099
1094
490
793
1101
190
2348
174
2302
1284
10
1759
489
1899
12
2274
1062
1129
1513
945
2279
2259
135
908
900
1017
1066
105
355
476
279
2267
784
27
2122
429
703
302
287
504
234
618
1431
1185
1994
1308
2108
1104
155
380
2130
1177
783
2153
592
1739
361
851
1451
2375
1854
896
1058
1815
1932
1552
1730
587
1668
2518
739
1478
1376
653
2397
796
1551
1401
1258
1754
916
213
912
675
1315
2345
834
948
619
981
329
1615
1518
1799
2452
1838
550
763
1553
1097
11
2285
2247
1823
600
288
662
1841
440
347
1779
1460
53
1456
133
1734
1630
2281
997
415
198
761
1146
2055
453
843
1489
2030
1699
695
776
674
1073
260
48
430
1024
454
1619
159
932
1105
766
762
262
1352
575
1871
1508
2034
45
363
2500
956
1562
2305
1373
804
937
2455
691
2351
282
1606
1030
134
1727
44
723
2231
294
709
797
223
1789
201
1881
467
1038
2471
1009
321
1803
549
942
388
2164
637
408
941
391
1194
699
1263
1813
2036
428
1625
56
2442
1944
226
1040
1469
1633
351
1289
1965
625
2095
838
2043
1468
204
820
2220
1781
2041
1316
1485
459
899
1915
817
377
845
319
2546
2244
1312
1814
2290
2217
2365
228
1752
252
2253
1524
124
266
1520
639
1004
1713
2538
815
995
344
1042
2004
2172
149
589
1906
2562
362
1463
2070
553
1509
663
84
130
1682
1522
717
448
1071
38
2114
2227
1475
1018
525
586
730
2155
2135
2138
1213
1983
2548
529
2384
1859
1355
1124
2295
310
946
2212
858
1866
278
2112
1543
1597
1585
1430
68
2236
1936
2495
1409
2490
628
1085
2377
1112
254
2048
184
1925
125
1339
2416
988
2088
1603
2196
772
2440
1429
2085
1487
179
1801
2499
655
1663
2383
875
1351
1897
99
2047
0
180
4
973
1840
1694
1884
291
1928
2159
2016
1060
194
1002
18
2120
399
104
1669
1546
1150
749
808
880
81
1236
2272
1833
2003
591
568
164
2575
1244
1978
1420
2552
371
158
1533
207
1384
1993
2069
1365
469
1096
1526
906
1205
1587
664
832
295
1762
1254
1285
249
2068
1445
629
1503
2496
715
1999
2178
964
1119
2367
677
1393
1693
2094
1548
2150
1912
2539
2425
406
222
1845
1905
80
100
1998
593
1532
2557
1250
578
825
1022
1208
1306
1443
567
705
541
2243
275
1434
2072
555
1400
968
1798
2147
1698
1709
2291
676
2104
2424
480
185
2505
552
348
1282
581
212
110
1165
1141
994
1462
1416
272
1922
1937
383
1661
128
1810
1791
2311
1721
1010
780
1628
918
1988
594
2379
397
274
889
2524
1516
2432
2053
2264
126
2470
1241
610
332
2140
740
921
297
1091
2429
265
2314
1826
1707
112
1525
560
470
556
1638
1612
2454
1950
2022
1454
237
2025
2525
923
2534
754
2057
1860
52
1800
609
1212
1780
2073
2450
1981
746
1618
543
484
69
506
233
403
643
1572
460
2118
1782
522
501
1095
1390
1839
2343
806
93
2504
1247
2276
666
2270
30
2434
431
2191
387
829
2092
1375
2333
582
1067
2074
2551
456
1292
13
1599
2157
1350
1954
1806
58
1278
1314
1893
1209
2347
2578
2493
1829
372
1521
43
2390
1088
656
2208
1273
891
2521
1491
532
2277
26
947
2465
647
2235
1276
857
1639
926
1361
977
1844
1499
256
660
787
2537
2292
1158
986
20
950
1765
2355
1907
1131
1408
2420
1827
1564
1830
1887
200
1023
409
1670
1916
2322
73
1110
97
2329
1740
2211
2443
1370
242
524
1555
1784
877
1852
2031
23
2021
1966
1763
1529
1245
141
171
1729
468
333
670
1011
2380
771
2361
2105
1125
920
32
473
486
781
1563
1700
1271
1903
1666
1407
689
1556
250
2373
1648
731
182
19
384
1547
1490
1836
969
1210
432
88
736
1573
1325
241
933
1300
1797
1424
830
1410
1084
2330
1193
1979
1790
1261
1505
1049
1792
394
475
794
1411
306
854
87
1863
1985
2418
482
654
42
1305
1377
1917
178
2410
1192
92
521
2246
2255
1345
1939
1528
1958
1201
458
1890
536
876
789
748
1387
831
1446
1034
1537
36
1539
1942
1057
108
533
1541
738
1703
2405
1137
1326
2306
2399
722
814
954
547
2599
2096
866
67
1359
1975
805
2207
1206
1982
1986
727
2257
2398
1581
1935
376
2254
1943
2427
1230
1957
209
7
768
443
742
308
146
1788
1087
775
28
1971
336
1016
1649
2269
2589
114
785
1757
2356
624
1567
236
2079
317
1033
630
1811
2570
2321
1569
1173
2299
929
309
792
2484
1775
5
1647
658
2468
1035
1538
1449
1191
1488
248
1820
1288
367
2203
1266
2182
2354
1070
365
34
1926
358
2317
712
1159
2303
2346
1453
1946
1719
562
136
2050
2186
324
841
1153
881
2338
369
1989
1313
1291
2400
148
526
509
859
1785
1848
1664
1138
1482
2124
2224
95
855
1171
1217
2199
1298
733
616
821
1080
551
2304
2144
1160
292
1714
2556
2258
990
1168
1967
1106
224
1015
1228
910
1069
1794
2472
203
41
2486
55
756
1632
2216
2491
478
1028
407
215
1645
1657
1812
1433
2204
1837
2533
1179
1748
515
457
2089
427
1198
16
1571
2475
2439
1710
2229
6
1742
1368
2586
1728
1732
339
1896
2444
961
98
1324
2111
707
537
2569
872
1092
1417
1744
2476
720
603
1675
1659
425
1184
1746
803
1089
1086
1594
2458
2511
1908
147
631
1776
463
337
1913
542
2457
61
1440
214
259
1229
1452
1750
253
1484
1891
528
2082
328
1795
1114
1045
580
1918
1323
1335
943
812
115
40
330
2059
2449
1331
2198
2385
464
1807
320
904
1613
2307
2480
1911
290
1758
949
1003
494
944
1059
131
2187
1072
534
523
210
2315
2077
1498
1900
1356
895
37
648
2145
1187
2230
1604
2170
1385
488
1821
2100
1334
1459
520
1842
1987
1233
1486
1809
1512
690
931
2219
2066
2368
991
2555
2312
1218
1279
1653
449
437
1470
884
413
1167
2240
446
86
1620
79
975
2363
853
1909
206
1374
2106
1032
1190
1527
1344
818
127
1170
778
2051
1755
2423
1435
1643
2318
474
2189
2018
681
264
2300
725
1888
1307
1269
1251
1346
2474
1455
728
667
1268
1164
2123
2116
1257
1330
1960
1043
299
401
1992
2248
938
1001
864
2436
1770
2151
847
983
1831
455
802
1822
2402
1557
1403
140
1956
1501
1207
161
8
2282
2547
1894
1531
698
170
2483
2273
1658
1048
405
1868
2107
1507
481
2510
2238
1262
2374
1195
1457
2421
1472
1055
627
1614
83
790
2297
2319
1697
888
1394
1904
1976
1910
1176
1688
1412
435
2529
826
1311
508
1136
604
1203
1234
1676
2174
14
2359
1118
1117
2225
644
966
1685
1113
1235
1736
1774
1310
1366
1964
74
315
1309
2409
957
419
1115
375
835
392
2580
1767
420
2353
1875
2083
1940
724
1239
2006
976
106
902
1889
2129
2176
439
554
714
1777
1078
1231
679
1180
2517
1422
1696
518
595
1398
1065
60
2344
1388
711
1832
1100
2394
1090
743
2063
2214
1766
2154
139
2149
878
1598
1702
118
1109
2382
2362
1432
269
1554
1502
2110
138
867
1650
2342
2393
2183
2503
513
424
2213
1726
2161
54
1481
1851
1948
1545
822
1674
1565
576
483
2585
323
887
2103
893
1123
1955
89
782
1980
2090
1277
1616
208
2565
163
1172
1163
181
1259
1214
385
1655
1686
277
614
502
284
1974
1984
744
1396
849
572
1704
1961
244
327
85
1348
951
760
922
2076
1684
1724
1576
2298
989
930
416
558
953
2494
2109
1077
2202
2596
120
2125
1652
734
1947
1515
1248
2193
183
869
404
285
737
2428
671
1151
2234
335
650
1225
2181
934
2401
571
965
1637
579
2162
221
1127
1689
1787
2028
1626
1140
1570
1850
907
1007
1962
1718
2541
2560
1582
444
1621
2593
1886
379
2386
623
605
1157
1380
1402
2532
1132
1817
779
1747
1161
1021
311
2093
151
1510
386
1642
842
2228
2201
1873
2301
1421
716
235
1610
613
2137
2461
935
1448
732
211
1037
1493
1705
2007
2447
258
1952
2054
57
1480
157
162
293
167
2245
1635
197
1296
267
1885
1367
885
741
24
202
2215
2268
1238
701
2046
2171
2013
632
1969
2507
1050
2200
1321
833
1063
2364
75
1609
2115
1968
2058
1466
421
331
697
745
2011
2438
66
2000
1876
1154
1076
2334
216
636
65
1357
1232
2226
2117
1996
2005
300
1148
2177
492
373
2430
1816
343
2313
1338
962
596
1256
1442
345
682
51
557
1941
1144
2574
1764
752
984
192
2544
1857
2035
2389
78
1267
2336
2326
196
2487
91
985
2078
1595
2358
240
531
1511
993
538
1596
2597
617
452
156
2002
2146
1578
2408
313
2523
1847
2325
2508
1211
497
1145
382
263
998
2184
601
2252
1846
230
1856
1404
1743
2448
2492
205
940
693
1026
2206
979
539
1290
2482
2417
863
2175
638
1580
72
1378
850
1824
2121
31
270
116
119
117
1358
2020
1200
50
381
144
2554
1640
1221
1274
1634
824
680
438
2392
2372
2528
2595
1549
2591
687
2044
2249
142
959
1997
897
1921
2250
2052
1761
1949
1592
1126
1347
770
1006
2060
1575
519
753
970
1646
1082
507
1934
1802
987
76
612
1681
398
2558
411
788
1051
1600
2387
451
2582
1731
505
1107
2265
1075
2395
2573
2131
615
1320
2592
1226
1242
2357
238
563
1341
1156
1199
668
583
1465
1898
2460
1593
545
2156
827
2056
890
1220
750
1447
1796
2165
303
103
1283
811
173
2173
2403
1121
129
1081
1577
642
15
1204
2024
276
1804
29
2412
1174
1364
1391
2283
1930
1970
187
974
621
2142
2266
1052
865
2194
485
2542
1535
882
359
584
2192
1496
1933
980
2029
472
1574
189
2271
1178
1139
2594
665
2294
121
1540
1397
2431
465
2433
633
2577
2328
353
227
2519
1662
414
1608
195
1103
1560
1294
2275
2134
2128
1973
839
422
1602
588
418
2097
1299
466
2323
499
246
870
1550
1874
402
767
559
280
2160
1458
2404
1583
314
150
1720
1677
1333
516
2080
1406
1056
684
2391
1182
2411
719
417
1627
2037
2478
1216
445
914
389
2571
2572
2360
2081
1108
1654
1722
1924
1437
2209
2185
2406
915
645
1611
871
2512
1931
2101
886
370
1152
1920
96
239
1853
1559
122
598
1379
1872
109
527
305
1641
1098
168
1303
1
2435
894
2462
1656
861
1130
143
1772
1629
395
2339
160
1046
1175
176
2477
1255
1027
1492
2288
251
426
2195
651
1135
255
1008
1166
1019
2042
1494
577
706
696
1061
2218
2559
1246
1588
495
271
606
1768
673
1425
565
1711
846
186
33
1536
1415
585
2009
21
2337
1972
1977
1025
2023
2561
1769
2296
1227
1079
2378
903
1275
318
62
925
191
1476
622
1584
1197
1343
1712
1869
1392
1708
1892
2453
2084
357
548
773
2588
102
2426
1636
498
836
450
999
2370
704
1418
1301
607
2335
2180
564
955
1354
1506
958
1436
688
1680
1683
2388
1919
798
828
860
1013
2352
1237
1169
2445
1671
1120
2280
1014
2584
1651
751
1771
2017
573
412
2376
64
1202
2010
626
791
2332
569
535
2550
1036
1773
1162
1340
657
2205
1879
2262
2098
747
2190
2456
530
325
2148
2579
652
1386
1945
1691
1302
2242
1495
1605
1687
496
2008
1715
936
1660
111
301
374
1342
193
2414
1883
669
1870
602
1901
2152
1991
500
2520
590
2488
1786
1369
1760
1134
1861
1111
283
2566
892
1427
2464
700
512
1461
1093
49
1047
2012
1808
1624
1514
169
1444
1281
2381
678
360
326
2071
2132
2522
434
1064
2350
1749
433
1464
2366
1483
1631
2469
2549
1867
611
441
978
