2385
441
1154
62
651
2320
1609
1876
1702
1682
2028
585
2154
621
2155
1696
1170
655
1067
555
1980
184
102
1045
502
1454
1979
2451
140
300
420
281
1598
1297
319
1998
831
2083
2124
596
199
2127
1621
931
921
777
1907
1721
2111
2395
434
1962
2075
385
2473
2123
1878
2356
2565
1057
1757
2571
1087
1232
1330
1627
2012
997
202
147
1210
764
151
2591
861
691
2479
1887
443
754
1090
1823
1274
642
934
2456
1327
2483
1184
7
1230
2080
374
1459
2284
2405
2045
1495
991
2115
1619
1739
2260
819
844
809
2392
36
396
532
356
2561
1110
1779
1932
1768
299
108
771
249
2441
2336
841
824
2332
266
2207
1834
1626
1404
519
1968
525
2391
167
839
87
575
2288
2378
1152
1730
940
185
1374
24
583
2029
2401
237
1954
1800
891
859
542
458
1437
1758
1575
322
2313
170
1486
384
2194
579
1925
1272
1303
2521
672
505
1227
808
794
1763
2410
1548
91
816
2352
1614
832
2536
268
2576
2572
1161
1965
1789
1069
1677
1930
1843
2031
2551
1135
556
1749
1046
460
1458
143
2315
1919
558
1894
1024
34
665
1515
2037
2088
1321
1139
1195
1699
347
2461
1774
1256
828
572
400
63
1082
2219
1243
1743
1492
1376
2070
84
342
2511
1900
1616
1306
155
521
166
1655
1554
1898
1058
2007
1910
2097
1551
2218
897
2383
851
707
2249
515
2454
2211
1433
2409
1312
811
307
186
2019
1336
2130
979
589
1084
1134
2334
1247
366
1722
2225
1209
1544
439
2205
1487
1387
417
364
2585
1263
573
1765
47
1464
742
92
1107
1328
1118
1462
1097
1879
1777
1455
1279
1361
2528
2309
1017
919
1252
1323
2014
2489
1710
2191
2369
1220
706
1062
858
871
1333
1738
2117
321
1923
937
495
1700
1293
1633
1270
1466
1365
2404
1308
1772
2160
2011
123
2223
2431
1108
2243
1295
745
876
1465
882
714
1935
1590
902
605
286
1961
849
2085
492
978
26
2397
1047
994
1694
2074
1951
1473
1450
484
218
2210
1030
1192
1842
161
623
2203
20
1558
1588
1383
1970
2278
1138
959
2333
1912
2437
156
54
759
2399
852
1794
965
770
896
736
700
1941
1197
2266
2195
133
69
1670
1283
885
594
1870
1018
2052
1165
581
401
427
981
1963
1081
2148
2059
178
795
124
1886
425
974
598
38
2345
2267
405
864
343
148
1233
1826
2531
1180
834
25
670
2394
613
1229
635
209
907
1304
964
2444
945
2027
518
1059
1837
1846
333
1273
1775
752
456
1606
2434
1659
1071
1249
1773
953
1332
2564
135
1358
476
2196
2518
424
1902
1127
567
1021
803
1039
1611
201
890
688
2039
1083
1500
2500
1428
1001
1904
375
1623
1335
2101
2566
1706
1452
733
1742
661
2346
1510
19
159
1918
1231
292
606
325
224
1971
397
1882
679
125
1723
2495
1844
2021
678
4
1945
1289
1562
1427
2001
1604
387
1179
1188
349
2256
302
180
1517
1681
552
1516
305
1002
162
804
2305
1943
469
1414
2287
1569
608
2578
2533
205
2596
1443
660
1675
715
862
345
448
339
1761
158
1033
239
380
781
99
2231
1182
626
1355
2403
51
2089
2259
1503
1277
127
2095
2492
1829
1038
549
1666
1416
739
737
2436
948
2178
389
1537
1937
2138
273
2368
996
2169
1276
506
1467
2015
514
1618
407
2094
1650
215
419
2592
2081
107
1683
2552
1425
89
956
563
1319
2141
1301
330
639
2522
2293
2508
171
1204
1978
2325
949
98
320
2465
22
560
474
2053
971
336
838
2537
48
1927
2173
920
2314
1257
666
200
648
540
1711
663
1366
1267
176
703
2054
1652
689
757
2297
1715
564
85
2188
2116
2559
1128
1567
2208
204
695
2470
109
282
2232
100
1111
810
348
2516
1798
1163
230
1848
1948
2139
1173
1684
529
2110
1349
503
2471
473
357
2038
726
2514
2574
1502
285
2042
2375
837
2165
1674
747
2331
1530
2337
780
1485
1461
2359
1741
2146
1275
887
2491
74
2177
1235
1817
1985
1568
1245
1658
243
70
1570
1673
1226
1975
1112
359
1949
746
2570
1418
1857
1012
913
1040
1583
1362
1028
1286
1003
1637
73
487
1809
471
164
911
1615
2090
1141
1669
104
566
222
2004
674
1632
508
1357
2427
2534
2304
843
1431
313
1380
2541
1091
1432
955
1811
1352
2187
1771
58
1019
1993
475
2212
762
1744
83
2132
398
1678
2250
55
645
146
1828
1630
2184
658
149
2372
716
386
2098
1446
2598
2276
132
134
14
2013
66
1854
561
812
676
418
1014
2558
129
326
465
2512
1077
952
2036
174
1665
2380
2118
78
1167
2128
2519
2063
2294
1080
1981
731
1264
1318
2137
806
664
94
2443
297
429
1928
248
1686
1237
2581
2539
1000
496
6
2589
900
1767
459
2164
288
2133
338
40
2579
2156
2560
1262
1168
905
1411
729
90
970
126
229
1972
2258
1893
56
1952
1011
2343
1634
1027
1577
450
1852
1129
601
2073
1602
1132
818
1060
620
68
2463
2018
303
265
291
309
1891
2229
2452
0
2360
2415
264
2078
550
2586
983
1260
1969
792
1605
1624
584
2168
909
1258
895
1661
2174
2129
2181
1664
1512
365
600
874
1984
191
1207
1044
1006
358
1386
416
165
1140
686
766
1426
2482
485
1174
472
578
1348
616
354
1354
404
1478
577
1726
769
1393
1734
728
1246
2344
1939
481
1553
1441
692
1176
2157
2485
1242
1967
1271
520
2569
2008
466
643
128
1068
2144
2530
602
1999
1542
2192
813
236
272
947
1922
1214
44
1313
2417
1708
1947
289
1300
1439
915
758
1218
1309
1847
23
1281
1034
1719
115
748
1933
827
1732
776
1401
2588
240
880
1088
2247
2510
1718
2487
1931
785
1872
2548
966
1103
2099
1498
2324
719
1203
1754
684
2272
1483
725
491
960
253
1369
122
774
1099
1635
1497
2060
1776
908
2339
97
2382
1368
2484
916
1032
791
1142
1162
1066
1620
1198
2416
1541
634
1525
1597
1788
1651
2005
510
462
1676
2072
65
1151
1866
2216
2033
709
1914
1566
622
2408
1955
409
1421
2329
2159
1701
2040
17
1051
261
447
390
1841
1546
1607
2082
1491
942
2281
928
41
2442
2567
1769
2504
2180
177
8
1724
847
1444
2002
786
30
1063
946
1858
351
768
1042
120
1821
250
423
1219
2458
1716
1529
681
1484
926
1507
2257
625
1671
1479
2426
1645
1973
2308
2280
311
1667
121
1385
2367
216
1120
436
3
1187
1552
1920
886
1280
1995
1048
569
2265
941
873
2068
2563
1885
1474
1561
2050
1747
294
2
346
531
315
269
2517
2030
2279
969
2202
1697
139
1704
775
131
190
2462
2254
2573
1384
2506
238
611
461
1015
1072
888
1228
1877
1259
1331
2582
1223
1547
270
2200
710
2432
1909
1234
2386
2478
1190
1222
1725
1864
1202
2379
2593
2032
1008
657
793
433
1166
2464
1149
2255
1536
799
225
2358
999
435
235
1888
324
667
894
1100
1813
516
1936
2049
1896
982
2535
2449
45
1731
1445
1610
1695
245
2235
1074
2134
35
2472
2502
1029
673
2096
1523
1944
2505
130
1966
654
755
296
1522
2238
2251
817
1155
1158
904
1007
1915
1405
60
1831
1550
1991
2245
144
1755
42
1285
1201
2377
649
142
2277
1608
2544
917
1643
88
2041
317
284
1403
1122
1086
713
636
403
597
796
1519
1557
287
1528
2024
855
152
411
1533
13
935
2221
11
2413
1343
1225
327
889
1379
2466
988
787
37
690
2366
1992
1440
2262
1476
568
179
1865
262
1147
2568
984
430
553
1370
723
1976
740
2348
2170
2459
624
399
570
1639
1278
1407
2283
2092
2271
1746
1299
53
2135
1856
337
1691
2474
1543
1177
2488
1364
1959
1373
593
2143
2457
258
704
1781
2557
1345
1987
298
696
1860
2183
1839
219
857
1687
1391
1102
528
2103
615
497
1342
1070
377
546
924
512
797
1924
580
1988
2044
2384
181
2527
2108
168
1494
310
457
1117
533
353
963
234
1899
671
761
1770
31
362
1599
1778
718
1578
562
2562
699
1124
2543
1191
1053
717
283
61
260
735
340
1807
1337
1913
2230
1956
1703
163
1136
1672
2371
2446
603
612
449
112
2167
246
228
1240
1310
173
1334
394
1836
226
2476
369
2126
1406
1753
1628
1382
1584
1868
373
1094
1580
1193
2321
1573
2087
1460
1005
72
2363
2438
1291
1208
1144
2171
1832
1745
863
1268
633
1685
1750
702
188
2158
2056
630
382
2233
967
451
468
683
388
1296
2481
1130
2228
1782
853
2166
1447
2046
1938
914
428
2435
328
2016
2373
1477
1505
2185
1581
918
614
1838
1709
499
1472
1009
2149
2079
2215
507
1482
372
1521
1792
1957
1329
1211
617
1766
2583
1153
650
1513
1013
217
1215
1146
119
875
118
2071
2419
1692
576
231
2199
773
1648
277
1636
1815
701
933
334
741
2327
962
350
1539
511
825
1808
2264
2584
1022
1946
1248
1282
850
1835
2597
1895
1571
1526
1950
2469
590
2248
2312
2496
2376
547
2594
929
734
565
187
571
1559
1595
1269
685
207
295
1874
1663
767
1143
1471
1236
1052
1105
541
2498
535
2227
486
1089
1126
2494
883
833
1381
1563
2057
275
1098
379
101
1801
2546
256
628
2237
2179
2480
2290
1469
1449
1
1389
543
360
1453
1994
865
2246
534
641
1816
1735
2285
2580
192
2145
554
1302
432
1603
2086
2301
2529
1375
1137
1307
2065
1178
1660
668
1631
220
2515
749
1818
318
1065
1434
2091
842
1644
1680
1780
2274
2407
1729
33
1760
1905
1787
1647
1169
410
1820
801
2048
1810
2261
2520
117
1041
2453
1438
587
756
2381
2374
1221
370
2550
1591
137
2318
2161
765
682
968
453
644
1740
1733
2113
2575
71
1679
901
1690
2499
1159
693
1104
629
2599
1305
206
244
332
711
1451
2025
1043
2364
444
1589
1377
280
1662
1035
196
1409
232
1579
16
2423
2326
2114
2355
1324
2122
227
1576
922
2209
1990
363
75
2577
951
1037
2222
1078
1989
1123
480
470
1982
1511
2006
2390
1115
2292
823
1593
903
730
1881
631
1055
2055
545
2009
1520
1288
504
1284
1359
2034
1556
478
985
1172
760
393
977
39
454
1689
829
1850
1186
1493
21
927
426
1239
2147
1113
694
1442
1251
2142
498
2241
2439
854
32
1200
2240
1906
198
2349
1480
2361
680
1506
2330
1908
840
2204
79
2362
604
208
1290
783
872
1254
788
1026
1508
49
892
539
103
2370
267
835
2353
1654
705
304
483
1481
1784
1292
930
1983
2306
1538
1004
2493
954
189
2468
271
96
2069
2270
46
1241
807
936
881
592
203
1463
1582
1394
2106
1574
1802
789
750
1156
210
732
1175
361
627
290
52
1420
392
1010
160
1145
2398
2307
1814
2328
111
1783
43
1423
1693
1116
10
972
802
1509
77
2242
923
1261
391
2538
1641
1812
1265
1363
1457
27
2064
50
1294
378
2302
2497
2236
67
223
381
242
2447
1617
877
1125
867
1339
1629
489
1587
1960
1398
312
1399
993
1435
2351
800
59
1468
1657
1875
778
1250
175
2010
2389
1825
820
1759
2545
2198
1402
406
1456
211
814
798
1805
653
1378
1585
259
2104
1119
1748
1625
1720
2282
1793
1016
2299
980
383
482
1953
1056
632
355
1353
1020
1785
987
1160
463
1199
2316
2224
784
2214
2186
1796
493
2289
2022
1196
2061
2429
2509
2051
1977
95
12
1367
2298
1638
2477
958
1341
2357
2424
57
2555
1594
2418
652
878
2035
1253
1036
2319
395
279
1799
1861
1504
2524
1727
408
2253
1911
1054
751
1244
1601
938
1940
214
1076
1824
2341
352
213
2525
138
1819
2084
1212
2268
2206
2440
1448
1926
790
1412
1853
2311
414
1351
116
607
1338
437
415
2109
431
251
2220
1392
197
1092
698
836
323
1565
2526
1996
1997
2411
720
2017
574
1728
479
530
1164
976
2553
2595
2532
1613
2402
9
2193
1025
150
551
961
2396
557
1534
1514
527
1372
1867
341
1840
1717
848
2112
422
335
939
1586
1205
893
2420
1883
869
1194
1079
2047
2105
1049
866
524
1751
1424
1596
1320
1317
1527
1075
413
1347
2433
1325
276
830
845
1958
2547
2350
1157
1488
1830
2421
1314
2486
998
548
912
490
2406
2455
708
2026
2317
2507
2213
772
1396
1545
1131
2152
2150
1266
2400
233
944
1797
1535
1859
1121
753
329
2542
879
2430
1322
2189
2121
884
1790
1031
1756
367
1649
1752
80
501
440
1023
526
1560
1346
82
610
1917
412
157
2501
1540
1806
582
421
1106
2540
2100
2153
2151
145
136
619
2182
1897
2269
1101
2323
2425
2467
263
1869
2093
2176
2000
1880
2273
722
110
538
986
455
821
591
442
141
114
559
2490
2244
2503
254
316
1114
1737
860
1429
2549
609
446
241
1185
932
2450
81
846
721
1150
957
2523
1871
438
2131
1863
2077
2448
973
1916
2388
1642
2322
1315
712
1400
1705
738
646
5
2136
1974
