1109
1551
2149
2591
1102
978
184
323
2096
2383
1976
455
2066
2443
1192
544
2476
2325
141
2329
867
747
1286
604
1052
2419
1415
712
944
743
1433
2318
1799
530
2379
43
130
911
814
1267
2447
429
1362
1417
765
1251
1650
2170
2092
2459
1080
1777
2353
1025
452
559
1447
1342
1636
1824
536
1369
836
2277
575
1012
2147
2557
2415
2005
2529
1148
1031
719
921
64
1937
2237
2330
1075
1158
688
2290
1374
424
664
2180
2184
1858
897
1901
339
2020
1555
1607
1092
2542
1538
1896
653
901
1856
2409
2131
928
948
387
1241
2585
922
1918
2124
2358
1312
1990
1527
2084
1257
148
2501
869
120
2512
1930
290
603
1800
2429
1561
1201
1936
1339
740
1716
349
2246
1097
1023
1434
1595
689
593
167
1436
1625
1326
914
2434
1761
2048
1281
28
1809
594
2473
185
2463
661
883
853
1847
422
1515
694
2229
283
1139
732
1934
2479
371
114
0
2293
2098
242
1190
812
2179
1325
253
166
2235
1070
795
1057
176
1501
579
2100
2128
469
2377
783
74
645
1917
1859
865
1055
872
2283
1315
2117
1
510
562
821
1282
999
1849
1144
2122
2584
1719
211
590
315
2144
1418
1844
12
1754
1004
847
1907
2115
1731
757
1474
1541
792
418
624
1763
1864
492
1873
159
2315
1601
638
2573
1247
8
1124
2190
68
1328
716
1589
262
1820
501
2051
1145
164
622
665
1664
735
1221
1000
2228
131
2121
723
2175
929
2581
2432
281
2059
1427
446
782
1752
2438
495
410
2338
846
1156
1236
781
85
794
597
72
715
1120
341
2357
1529
473
1457
92
2300
1477
710
18
150
2210
134
507
218
386
1727
42
393
2552
2366
1364
1570
771
481
1385
1539
274
574
353
70
2559
1423
1235
1972
1498
810
297
326
690
2201
2382
179
1331
1329
2007
1579
1260
269
199
2389
1379
213
2539
284
246
1228
1208
1792
727
1499
1760
1050
1706
468
854
1085
1645
194
239
1949
1475
984
1346
1497
2509
1048
2340
1583
823
2105
2076
1068
1119
2063
849
2136
2261
629
2303
177
1821
1350
1484
1654
2132
2310
1165
844
951
236
373
884
561
972
613
476
152
2183
2260
2370
1205
245
1622
2225
2268
2217
390
82
1348
249
2145
1421
2499
1289
741
1966
2347
2276
1740
1807
482
22
580
458
2540
550
2153
1845
1178
990
891
1389
2267
2095
2388
1216
675
1371
1258
611
983
1657
1132
1605
1256
406
2352
2045
2341
1409
618
10
2146
123
1279
1987
1741
520
1197
2346
1438
214
2264
1768
2148
1482
2375
1997
2544
2205
56
692
293
546
1492
2296
438
2365
1683
2236
449
2579
369
1667
2067
1945
1891
2275
1177
206
433
489
2586
2593
2187
2174
566
2461
1599
785
1720
1470
1797
190
1292
2516
903
671
226
2378
2017
969
1107
232
994
2167
980
1749
2024
2161
1573
880
992
2282
1027
1693
2594
2209
1403
384
1051
1049
796
2428
1765
1655
734
2435
1885
2596
799
2522
1456
1167
1736
2364
965
1037
662
885
268
1391
16
2112
343
861
2416
258
758
2369
2164
1430
257
1530
975
204
132
1392
1357
431
2154
1318
240
1882
2553
907
1138
2075
2116
2181
1701
1181
2301
200
2551
1827
1435
1324
439
2015
2241
851
752
1184
1633
2351
1370
655
2238
904
1459
1332
769
1173
864
1924
920
456
931
681
2380
151
1240
1621
1860
1160
777
876
1211
1626
2442
51
248
959
484
2074
1180
1967
2033
902
663
1546
706
1582
2480
1911
1006
2317
2517
754
2108
1889
2354
2515
2120
2550
2475
1953
160
2265
923
375
1431
2536
2215
833
2068
216
340
423
1078
919
956
1646
1708
976
1280
317
478
1163
1094
367
88
83
1840
998
21
806
271
1685
2507
460
607
31
2580
119
1024
1855
1378
2532
772
1634
2312
677
2052
1705
623
115
1063
1648
1081
2041
1210
13
1848
2058
1410
314
1746
2528
2587
516
1609
1082
1172
1935
2567
1030
1641
221
1272
807
44
2314
1334
630
163
1608
435
993
1825
720
1496
1303
1044
632
598
1149
2493
1069
1262
33
756
582
1718
122
1537
2178
1909
933
2072
724
399
378
943
1214
454
1671
1893
2511
1744
1162
1411
2281
2035
2588
542
1395
608
1110
1198
2561
1728
2284
193
14
2412
2226
1569
444
1345
850
2023
153
1354
1278
2555
11
1033
479
991
1309
157
172
187
968
1805
2502
1010
77
223
237
1488
1483
2073
181
73
23
1857
617
523
621
1948
1823
1209
1363
1663
459
1227
858
1933
683
2350
417
974
2387
1372
508
1612
2126
201
2478
1451
255
1951
71
1872
2203
2193
362
102
1486
686
700
96
949
1390
107
2143
696
1298
1676
1785
2322
2506
2420
1508
472
827
2097
1818
1306
1962
1054
348
1259
20
80
1558
466
1707
2243
503
822
2239
1969
1261
504
1812
1182
982
749
1189
158
909
2025
1185
225
2566
94
1265
764
576
1699
1291
346
674
539
2077
1912
2258
2216
1994
625
1502
1666
2458
1123
2140
834
1295
2590
1704
882
962
2089
2454
2577
332
726
1764
1013
800
1250
252
1159
1011
745
331
402
770
2548
156
1810
2490
705
1016
24
1566
1045
2219
1692
2361
1461
1404
334
932
40
261
1651
2057
2363
1337
1669
2530
1150
1894
2069
1879
1238
364
320
1115
1975
859
573
1795
1624
568
2021
985
1467
397
670
1471
1513
1419
1534
626
1944
1338
759
2395
217
699
1890
344
824
1658
1076
1543
1776
301
1876
396
1408
1545
703
592
1500
535
973
1772
1266
1003
1112
668
5
361
403
548
112
2270
1672
2467
2109
731
1517
691
2481
852
1627
140
541
318
461
1629
887
2436
171
2113
1191
1867
2157
1349
1843
1899
26
2510
480
1632
521
2521
443
701
155
254
1578
183
1204
1287
2568
99
1373
908
946
918
1344
300
1581
619
2348
534
1590
2385
1644
1352
2009
1122
188
105
2036
1838
1970
490
2371
279
1639
2064
1732
437
86
475
808
1565
483
2523
1450
1019
513
877
631
1897
656
1712
2405
1302
1407
733
1507
837
2141
1071
2495
1131
1121
1034
2165
588
1248
718
430
2487
1494
1351
2050
1642
2440
1426
881
761
1905
2525
1399
2320
687
143
786
2344
1495
748
1806
1187
103
1884
1383
29
1382
2494
2249
1557
2223
1748
1814
1611
525
1460
1954
789
305
791
292
1155
2130
34
302
1850
612
1769
1535
170
1638
1743
142
2367
641
2008
328
2274
1516
565
684
1472
2497
2483
1449
889
1452
610
666
2271
1781
1968
2196
685
2065
372
1959
407
1524
1554
707
1635
1485
1902
725
924
2002
2038
1509
826
2207
207
649
804
555
1550
117
2266
345
2288
136
1064
1567
787
2563
350
910
1422
2474
1341
1514
1957
1722
1065
564
1575
1176
875
1466
952
1988
1154
1618
2595
774
2081
1767
298
813
1398
1880
404
2339
652
2012
502
1696
1730
2547
95
1940
121
342
333
1580
1157
259
1015
729
960
89
174
524
2087
212
67
1478
408
1868
1643
1367
1263
1919
1196
1606
421
634
457
505
1153
1194
2401
2564
898
750
2185
413
219
848
1380
1042
1193
1277
1183
1254
1604
228
809
1008
229
1455
2321
400
1738
1747
1833
2417
926
2592
2597
981
1756
2231
485
1218
486
635
202
595
1022
1928
767
1724
1175
1273
1681
698
1869
36
126
2589
381
2345
1224
558
755
2496
776
2349
1206
1489
307
518
401
939
977
1171
355
2451
894
2403
1971
2152
2123
178
394
2240
2531
1620
2119
1661
1602
2527
90
100
938
450
587
2323
1425
2042
1691
584
47
738
463
2262
1915
2027
1035
2534
1521
145
2565
1690
560
1903
1834
784
633
319
2078
1577
1014
1402
2278
2263
1610
1252
2374
1340
359
678
2356
1594
93
840
1314
1249
1397
256
1356
1686
1126
1982
1108
1017
1898
1603
1913
1506
1067
1140
773
1531
953
493
1353
1908
1755
1005
1584
545
1264
2062
1388
1230
779
1831
2102
912
2172
538
1978
2088
2000
1585
1225
376
702
2426
746
2214
1929
660
2032
793
1355
1586
196
1021
1766
2328
1826
1129
409
1804
250
721
1631
2255
801
1675
310
1778
1396
2079
2061
775
173
1174
556
2200
672
1775
1802
2227
2394
1996
1562
1587
2010
1697
979
955
1773
1084
299
2319
1429
352
2125
235
1852
2279
1393
570
241
49
1564
17
2332
391
398
2392
1628
586
941
330
2560
2468
1059
37
41
935
1074
1152
802
1058
637
856
1694
55
1964
338
347
1323
1038
2482
913
2450
1715
1465
600
2176
1830
895
1469
128
116
1222
2090
667
415
2055
2309
2111
816
1101
2368
2056
337
1813
2398
1113
2457
186
762
2570
1274
583
1836
547
2195
1963
1665
1001
1125
1412
1020
2171
1336
509
1269
506
263
958
2011
1617
1128
1568
267
1270
1480
2049
552
2424
2198
2211
1164
2150
1083
811
1875
927
819
135
1365
1574
1986
2071
1271
1087
286
1360
1958
448
961
53
2460
569
1887
640
2233
970
890
2492
1892
2538
351
1297
1993
1668
278
451
874
366
1420
2213
526
871
1093
1637
3
753
2393
1096
1630
420
1463
2543
1709
1883
316
2446
1973
227
428
2431
995
1737
1073
2272
288
1130
1464
327
830
936
1186
1043
1232
601
465
354
1787
2326
2018
1519
679
934
713
2280
1904
2158
1134
138
1788
863
91
2060
2342
2423
2155
1865
222
1299
2360
2114
1842
571
1284
426
1169
1400
1815
1563
2465
1317
2578
322
2250
2022
1077
647
657
2466
1783
888
1750
335
149
925
1007
788
81
2327
2576
59
440
967
2286
496
2437
1179
2396
1468
1288
1796
1950
2220
477
2376
1759
2101
2441
1310
2599
2558
35
2294
737
2513
1376
1739
1358
1888
1925
1200
1758
2503
1151
1401
1956
285
2520
195
2016
2571
208
2001
243
329
2331
488
2030
377
1491
308
2199
1939
543
2006
2384
197
1786
1116
957
2103
1540
106
2014
693
1454
1246
1442
2031
554
1832
491
2575
591
2373
1212
1710
1448
2305
1791
1335
717
144
1926
2104
1906
942
1725
1213
161
368
842
1571
1032
2053
2422
1771
365
1916
1002
1088
1343
1532
2043
599
1871
818
1811
1384
1504
498
1311
1293
906
1946
445
1592
2500
1914
1955
1614
2182
1526
2093
2082
2197
1536
282
2202
1142
2245
886
1878
2334
436
2583
1961
1320
474
233
270
405
1793
182
2085
2133
1597
2488
1424
1440
2094
168
1103
2304
162
432
2311
2456
2044
2489
528
385
1952
110
1244
1523
1079
2439
1313
203
790
2232
845
127
1111
2472
272
1481
499
1547
1300
596
32
828
25
1307
39
1977
1414
551
1060
78
1780
1368
30
2257
1413
1147
971
63
659
2391
1304
841
1394
266
1726
2430
2162
392
2514
66
1816
2173
1301
2192
4
2362
873
1652
2013
1386
1533
835
2470
1801
1133
50
1428
220
1377
313
2307
234
419
2572
1673
1361
2545
1751
124
1525
309
1619
1703
1920
374
2407
950
251
87
2106
1721
1493
464
2425
1441
287
1700
1056
2562
711
722
46
1095
1974
1941
2046
1319
1105
2134
1729
2080
2504
2070
2455
636
643
1117
1674
763
1510
1980
2549
1874
2156
1593
2221
966
1817
1199
1275
533
2206
529
1985
1100
1862
879
1294
2295
1837
360
412
658
442
1233
1473
2337
605
1009
1717
945
2302
1437
751
137
2224
65
210
531
139
673
1900
2127
996
1794
1091
2418
1723
2107
2433
1677
1559
803
1046
2400
714
1640
2135
395
1188
336
817
146
2292
2546
2308
1511
224
304
1981
2168
2462
1305
2259
797
2448
2410
1774
651
1518
379
1659
1234
1366
1942
860
75
1819
829
1965
1202
416
2029
602
778
2163
930
48
58
1347
1600
470
487
2034
1290
866
1296
862
839
1734
2139
540
1308
1922
1829
113
1490
1503
1895
1877
2477
915
357
1689
1316
1143
1835
425
289
1688
1678
704
97
2026
2519
2427
2333
954
1528
627
169
1285
1231
1327
2505
988
1253
2524
609
2204
38
264
69
527
648
2464
742
76
2003
628
2019
878
2256
1613
1653
1036
680
2091
940
1598
739
815
1870
2355
2028
198
2142
2537
1321
1086
1779
312
1616
1886
1136
467
2186
1992
615
1698
382
2306
275
2541
2526
2212
563
462
1215
515
2406
2469
1026
265
730
321
1118
1479
180
2289
133
838
1596
2471
1861
1984
1104
2248
1662
1276
2414
805
1989
1453
2598
1757
682
238
1854
639
1542
1921
1742
27
997
311
1416
1135
644
1828
2222
1098
1687
154
1053
616
917
2399
1881
60
1061
2404
1445
1789
1938
2110
1733
798
1983
1695
1960
205
709
2533
1405
1223
825
2386
1927
108
899
296
2484
646
1753
1560
111
1853
2518
1714
441
2189
567
650
937
2574
2313
189
2411
1330
1170
620
760
572
277
1217
1245
7
1062
273
2449
2297
1735
1822
736
1072
363
1808
2166
2413
1114
2253
247
1018
2208
2390
2491
1932
768
1381
669
1444
893
1166
1670
964
676
