958
2047
1646
367
1477
2378
356
150
13
200
449
1106
349
2402
2282
291
1331
2346
1131
2415
1908
2112
2040
430
166
597
173
823
549
1430
2513
1773
575
1442
1319
2270
2484
2277
1429
902
377
505
714
876
1788
95
252
2405
1940
2138
7
232
2383
1064
1730
1687
744
1892
2134
1311
453
1709
1760
185
530
162
2269
2264
1492
1635
806
1047
56
1012
1841
1965
2281
825
1206
2407
1318
224
1636
259
1038
2243
1557
2499
2123
1878
758
1648
1441
1804
730
1658
893
1529
1059
1044
1018
653
865
256
1141
189
1152
1716
30
322
1793
872
1655
1956
1939
2505
2066
1506
1808
784
1810
388
1693
517
90
664
2140
1006
1891
1300
2245
1524
1812
812
1353
37
1321
648
159
1342
1214
856
26
2347
79
2010
493
431
1469
354
677
217
1665
1328
2285
2191
2483
1207
346
1858
2059
358
1872
2387
1659
773
741
2060
156
78
712
1453
1320
722
1202
1020
1933
1182
22
1676
396
961
108
2195
1609
1685
2572
157
1602
2214
2374
1189
2389
402
2121
1863
1597
2256
1904
1771
2055
2379
460
1411
1684
2190
733
2092
371
370
1568
1037
713
1346
1186
363
194
1193
1283
1745
2042
27
408
1482
818
1917
1564
639
2294
2495
985
2365
2076
1887
412
2211
1420
1581
1171
1351
202
1124
1553
892
1663
1976
684
1608
1974
206
1343
2186
2401
125
279
1238
1852
1932
912
2580
1894
1235
537
35
193
1315
2143
420
1670
1185
792
401
1953
1246
1040
2509
1562
2037
1060
2504
1809
704
447
582
634
764
1198
2011
235
2392
1405
2368
1143
1835
2348
910
1132
1338
5
1871
2017
953
2098
1262
306
2422
2176
1489
2250
1644
36
2238
81
911
1910
2161
2293
2460
901
98
1000
65
647
2545
1
1386
1897
1459
172
1536
1619
1109
2032
1301
1949
1750
603
1225
736
2525
2449
527
393
164
146
1417
1341
2335
817
1993
2430
1191
1087
2163
1434
1849
813
2080
1821
1868
581
857
1590
909
802
2563
1861
2175
69
80
2409
840
1721
623
2158
2192
2340
1807
1833
2336
210
1531
697
1317
2268
934
2590
1335
1316
2569
946
1573
640
2481
1451
1363
890
1988
2021
1112
2072
2539
1535
1102
219
504
2008
1061
1051
1759
1200
54
397
454
2099
830
1497
2578
1867
1794
2221
2334
2494
378
254
2289
2216
661
841
1197
145
214
467
698
2342
2266
1460
1413
1517
1501
216
512
2212
888
1823
2110
2064
1556
717
1282
1172
2553
538
1332
1359
1614
2448
1149
941
48
2445
142
1092
1082
2497
1514
978
40
1578
2522
1432
2333
271
1408
233
1763
1357
353
314
944
775
479
476
1273
1251
926
1990
1713
2056
2428
746
437
1534
231
783
264
1093
1792
1183
1122
2538
1591
2362
1194
1036
585
2435
67
88
498
2311
615
1612
1322
2384
1409
2153
191
1628
1884
1906
499
141
1779
2314
1219
2114
1046
1815
765
2597
1955
1325
167
114
2071
678
1621
776
2490
873
614
3
1001
1307
2295
2137
2125
711
2057
826
432
1791
2094
1305
187
1512
853
1664
606
446
1443
28
1855
1349
568
456
68
418
864
1641
1971
1347
2521
103
1605
2420
1348
1751
770
127
55
859
886
703
2557
1394
983
1690
1600
161
1936
991
2026
1626
1288
769
1302
2558
201
1217
632
1594
2367
2328
2081
1748
1210
183
966
2223
1776
777
2133
334
2400
1091
670
2472
1248
1278
2018
1749
1618
731
1880
2468
1208
227
242
492
249
536
283
2442
931
524
1853
399
992
1712
2227
948
51
716
2146
1498
169
2523
1787
441
42
2154
1722
2381
921
674
452
589
533
1615
1668
1802
705
2183
1702
2203
989
32
381
2043
31
1909
918
2370
1916
2330
1876
1951
1818
1276
374
828
1048
25
124
1470
588
1701
1391
2188
2455
532
1263
152
571
2301
1984
385
1474
165
1989
1045
905
1640
1720
1423
1138
1854
1575
2272
1987
296
847
933
1509
1781
1566
805
423
676
1243
2492
1220
1173
1890
620
683
220
1870
803
2103
117
852
91
154
1255
1859
1494
594
654
1387
1155
1144
391
2194
1244
1960
767
706
184
2237
2224
229
1355
2119
2516
596
1649
2226
972
1803
1548
1996
428
1551
1416
239
1313
1697
1471
450
1115
1340
2166
2261
496
1134
1140
1970
1427
960
1930
2058
1837
362
2320
1310
1373
1975
1398
1372
50
2207
1170
1541
885
2027
1425
1938
981
1525
1312
1547
753
862
2029
337
1743
1309
1587
2262
140
668
785
2001
208
212
763
2463
335
2583
1156
455
679
1402
930
29
1643
1719
1902
609
1415
2275
213
1247
394
1229
791
1127
1688
289
2452
917
2414
772
1505
690
1842
163
1822
345
2160
1522
1724
2417
313
89
2251
1422
2129
1899
2109
1935
947
1297
442
2063
1979
1846
994
2406
2254
1169
870
1896
1539
2485
2303
1370
120
998
875
1674
2220
2394
2046
1570
1463
2398
1147
959
1100
186
605
2556
1507
1731
1913
1158
2274
2471
1929
99
475
1715
1959
1998
221
2087
1293
1145
867
1991
1728
137
2273
1179
1166
1980
1027
1843
59
2023
2350
880
874
636
2213
1148
1647
1187
1811
2498
482
1153
2132
2421
2061
94
1633
1620
1211
1941
2332
2312
2205
2024
1110
586
2162
2178
814
240
2441
672
2567
1084
2230
2105
234
2366
2296
2529
2577
2187
2527
2547
1840
2050
1586
107
868
2443
1572
1466
637
2549
1345
1769
2480
1008
490
2283
1031
2433
655
1601
1080
740
1151
1231
507
1582
1226
649
1784
1019
2068
1397
2517
1257
1436
1925
2399
1754
1966
1424
1271
1053
2446
2291
2209
887
531
554
786
592
2416
2118
1418
305
2249
180
1642
104
2491
1256
2500
1905
1758
1392
2325
1358
2292
384
834
2260
2172
2222
1253
1829
2015
1574
1043
405
1801
1747
1533
1462
845
1799
38
1056
2126
1465
160
466
407
2475
410
1740
1673
1877
1569
324
126
2280
2326
2354
1287
178
274
2093
1250
1513
2315
957
1356
1446
2425
600
2147
1005
652
1010
2171
33
1213
60
83
1461
265
2208
2305
584
815
1983
309
1227
1593
1824
580
1500
2255
1270
2041
1723
323
2218
2048
1178
1795
389
1903
1393
1314
2382
497
519
1419
1167
2199
2575
559
1783
1042
907
621
2049
298
352
2489
718
2151
106
315
963
2267
245
1118
0
2397
665
215
1798
74
182
2130
248
2265
1544
574
535
1448
2327
170
2307
1786
300
2589
1074
657
643
1567
1404
2107
1725
1765
327
2439
1707
1592
2461
1692
757
578
1303
2074
333
188
303
148
771
118
1337
1077
434
1098
1589
2478
2091
278
1294
2559
1090
1354
49
1161
1086
1111
1336
2200
310
1245
251
2511
1869
2363
266
1599
1978
413
329
1964
2284
2519
1216
980
2526
2476
1508
1565
503
2345
673
1918
1407
1104
2002
1576
1538
2453
316
2235
1378
506
1449
1831
443
1024
695
2375
1162
1540
290
247
2145
781
1209
1999
1184
2013
2502
526
982
2201
1691
2488
1412
2253
829
1777
2033
846
2089
628
435
848
2339
1159
1344
1284
619
2536
2454
660
796
1475
1025
1298
340
699
601
2391
1666
2022
641
662
1057
2515
659
2451
85
884
1606
100
1675
2065
1444
808
1797
18
1065
1438
833
1963
788
987
709
92
1201
2343
2587
284
1055
2408
1653
1502
71
1912
403
348
415
2206
392
2317
1706
2113
1733
1478
2038
1259
686
2571
975
2184
143
908
1911
2356
1264
1973
1447
1528
2576
1395
1268
1734
827
223
246
2550
899
1915
2507
488
2585
1817
663
1515
1339
1480
1326
364
2246
1753
855
1281
2486
1755
1813
1433
1527
1638
131
458
720
1015
598
176
835
1154
2531
2377
748
2204
1623
573
579
682
1054
2413
2541
350
688
633
1945
721
481
135
196
2542
174
2337
923
1069
1306
869
629
939
1022
1866
2150
1361
2229
1969
2309
2385
691
2361
1285
1421
2005
1376
1072
2372
627
1962
1708
241
1414
2466
301
525
478
1893
877
351
2537
521
1439
338
272
734
929
461
2302
900
2298
1520
1919
617
1458
1516
544
421
2487
2124
2316
15
1631
1277
1215
942
2062
2574
979
1437
2493
1120
409
501
563
768
916
1579
1164
1085
273
1552
595
1374
922
218
2560
1435
2434
1681
207
257
693
1782
889
955
2086
710
1400
1468
1830
494
1596
1972
1851
1901
895
508
469
473
2598
1464
2241
523
1410
883
1260
424
2174
1484
666
1292
1485
1546
2552
2090
73
1165
2423
903
591
561
45
438
631
1377
66
602
2561
882
928
1221
891
243
2506
1650
136
863
1613
2555
543
1496
373
277
1729
2228
1669
2364
286
1561
2432
616
700
1017
380
1856
861
1796
318
439
2069
2528
427
1067
1677
2035
1275
1199
971
839
19
1367
974
1510
2122
204
1530
1992
1103
1699
742
451
635
1431
782
1383
147
1016
2352
556
2554
1654
230
1921
2288
1883
41
21
680
667
87
1826
2319
878
560
2465
555
2014
1286
1224
522
332
1775
128
1146
794
123
52
2373
1768
1388
1375
671
2318
2360
2440
1385
2179
1961
1212
2322
1571
2324
2053
1150
1291
1089
2239
2279
312
1952
1095
429
2120
2533
1895
2412
2595
735
2355
369
1661
1249
750
101
2202
1473
754
1230
1611
1924
1176
2031
295
2152
2104
1680
1836
1714
997
2252
39
896
2596
689
2388
1203
76
2323
1947
1848
1097
1698
2313
149
2403
1499
2116
936
1717
1296
950
2169
64
779
153
1689
548
1660
1732
468
2039
47
109
514
4
53
1295
1958
1559
1695
2588
203
2170
2242
1079
344
1805
1450
2338
2306
2395
743
2019
2599
1944
1920
1472
1083
553
2520
1879
2457
1780
1523
445
832
1816
1107
789
1762
1629
1218
1136
551
84
1630
228
1454
2310
842
837
2233
1819
1364
119
404
1832
2079
1265
1304
1683
569
115
1875
2369
462
2044
1885
24
737
906
330
1865
1252
355
1445
285
63
113
1126
708
577
1907
177
774
2012
2000
759
1071
1504
82
2424
360
1555
1237
138
943
416
831
2353
139
2304
562
457
761
1021
1637
1401
11
2456
1727
1928
2139
541
17
1403
1488
1308
1234
1537
1957
927
2219
2532
1820
2075
261
2508
1874
225
1239
651
610
2036
552
2579
1030
1739
810
745
70
1381
171
2540
2258
1137
2473
793
1942
2106
967
2436
2225
2419
638
2450
2193
611
547
1406
2591
2096
2236
613
72
2287
2020
1946
2082
1519
1323
2084
1135
1426
1563
843
14
2464
2210
422
2009
2025
2427
1931
311
1634
778
1032
1379
969
790
1700
1026
1078
2004
747
2438
762
2095
1914
2111
110
898
2535
576
1329
12
307
2155
1651
1554
211
2512
1767
1800
1735
755
2329
570
133
881
1667
1128
281
1850
1117
1985
302
799
587
343
304
365
1694
1503
1222
692
2501
8
1366
192
1704
328
513
920
288
1368
179
2108
1052
2006
787
1440
2411
1467
996
2444
795
849
2404
1352
282
267
130
2300
999
529
804
797
1487
1028
1711
331
23
2159
1806
2141
2568
894
1550
1543
2524
2376
10
1580
1121
1290
1736
986
2128
701
2135
752
937
728
1761
500
2173
486
222
1521
2067
2263
1954
1011
46
800
1228
116
1696
470
175
685
1205
433
197
132
411
1995
400
93
951
2028
515
1588
1682
1066
816
2142
2164
1744
276
1639
1034
509
819
1617
1168
2341
2189
766
844
2167
379
2185
1073
2418
1125
1847
1129
590
308
1934
1656
121
2286
1157
1174
77
1583
2097
1142
520
546
1703
158
696
2380
1828
61
952
1491
1789
1096
1671
2344
62
1862
725
419
723
287
1457
1236
1926
495
945
2278
1041
9
155
1889
2156
1192
970
2051
949
838
1967
2231
2259
2534
390
2232
1785
1950
1827
319
275
1607
1645
2217
1175
915
625
871
1075
984
1272
2429
375
2180
1844
727
866
1070
122
1365
57
1269
539
2215
726
719
1241
299
645
1922
382
694
2349
1997
1009
897
2586
1624
2426
464
2131
459
1324
1860
2518
1710
756
326
1549
738
1428
444
1558
2248
2196
2144
2331
440
2584
516
1369
1882
1204
860
1857
545
990
2181
1881
925
681
1062
1033
1013
1280
1526
359
1240
739
425
2592
1598
1050
1081
608
558
1330
1188
2016
1888
1274
1772
1585
144
801
1479
168
368
566
236
395
1756
751
993
366
6
2357
1116
75
622
644
702
1679
292
1258
1099
238
2007
542
20
480
1049
1039
2052
483
858
1986
807
1333
820
824
1981
487
669
474
879
1035
650
1977
1495
1923
1616
2437
557
604
687
1002
1834
1113
1625
250
2390
1814
2182
1455
2386
1481
914
1752
293
263
2570
2257
1838
2070
968
1622
1371
1384
2198
195
1139
269
1396
2551
2073
1493
1180
1845
34
2244
850
715
1770
1542
976
1242
1737
2431
1686
1163
811
386
1518
1068
96
2054
518
2030
1584
2593
1652
995
2240
1101
1023
809
2136
448
2127
1545
336
612
244
2299
618
2543
2582
383
1726
1267
626
