1421
470
2558
800
2444
1931
1380
2356
1131
855
1065
43
1193
1875
1163
581
1643
1813
324
2411
1903
4
2369
2403
2364
11
1513
1314
950
1305
1483
544
2093
895
2048
335
2372
30
1045
1947
1459
1377
1379
301
534
896
1277
2273
273
2595
2361
614
1969
1378
1345
2512
1398
45
1440
282
290
906
1782
746
1037
224
715
155
2133
1241
762
2114
2294
2320
2574
1708
345
960
1679
2246
713
479
2556
612
2587
1816
947
582
1539
1252
364
1201
1507
1189
1791
597
2205
194
1599
790
329
914
1992
1901
134
676
102
1930
27
527
1996
782
2589
2475
1981
549
2545
1355
994
1887
1414
2182
1180
372
1012
1671
188
1701
1353
349
333
494
2414
787
2287
1127
1962
1409
625
552
1170
2240
251
1263
1510
1600
712
278
776
2478
1867
2099
1519
2043
1807
1337
940
663
2402
2095
2516
2486
2567
1323
58
1974
1088
843
547
2083
1847
1153
1266
926
1999
2392
2494
2588
2001
2479
76
338
1118
2404
1684
241
904
1927
2293
2057
1064
17
117
656
1198
1572
1422
1666
973
1327
2220
304
1880
1247
1477
347
1821
1240
1632
66
2421
1463
1073
2006
2500
1035
2544
923
1046
2154
2526
778
1151
1648
662
1575
2216
1765
1461
125
2089
670
177
41
561
1222
1004
173
2010
1443
1205
2501
563
153
2454
1910
468
2103
1384
1191
2530
2079
2279
1989
271
643
767
240
363
1646
2330
300
2496
236
616
2458
123
601
1223
1022
899
938
936
2029
149
824
1382
31
368
2359
2437
318
2416
1601
2428
406
1006
1620
2187
1709
1419
1469
2590
178
2446
1290
2518
1518
428
2024
966
2533
1110
1665
688
2022
1888
637
1149
884
993
991
1320
764
319
1936
1122
2192
2162
1538
686
1215
1144
1190
2058
959
1848
55
1494
360
1481
35
910
1315
505
1162
633
2004
2382
183
1030
1098
2465
152
1480
232
619
1186
976
1566
171
1991
852
2312
569
593
1568
222
212
1506
1125
1993
2367
579
1729
339
1674
2211
1871
166
2541
420
44
37
771
2050
1052
1840
2296
847
2448
640
773
1292
983
444
848
2520
1545
1027
842
503
410
1689
546
280
2164
1016
1203
1520
203
2524
49
2532
1119
1916
1280
1877
1034
707
380
1953
19
2350
1255
1723
2492
1755
2085
438
2224
1956
1232
1109
1267
1796
1360
421
2469
1335
133
2096
2270
506
451
2277
1283
770
2383
1849
2517
1940
2190
864
584
2349
673
1299
1904
2564
2255
2509
199
97
1602
127
954
668
1289
1055
971
2245
658
1804
838
615
1805
1730
2229
1806
1236
1139
276
2471
1423
29
2230
606
837
814
2457
1907
98
2573
1994
358
1227
1455
2503
2195
47
2480
539
522
1630
1967
157
165
1489
853
721
1074
1536
1939
274
817
1179
600
1082
1183
1308
2502
1467
94
443
6
1117
1889
898
2560
187
2036
1218
2007
1056
1288
461
650
682
1194
1949
2160
1405
1413
2456
1368
1137
1106
89
1900
2140
1855
2537
253
1042
831
22
81
1313
2175
575
958
1678
1225
1306
1003
2547
1166
2568
2272
2385
1618
1731
2472
357
1050
953
211
1832
73
208
1906
1324
1865
1209
334
903
2290
1410
535
916
1960
1330
1935
2026
1570
745
2577
1429
728
2250
1544
2581
385
1248
1722
992
2045
1167
1668
48
310
2304
1307
769
2373
956
2166
948
2299
1024
1343
2506
1503
1465
1784
2126
1759
1717
530
1783
1200
1567
2138
822
1250
435
2393
742
1433
1584
1589
1829
1173
1061
1373
2459
1138
215
1637
965
209
1895
2000
1526
477
1393
184
2249
2442
588
1788
749
1803
642
2591
2345
317
665
2131
564
1352
1147
1253
2325
2167
279
2122
2227
1175
2100
935
887
1891
975
1915
997
1744
488
1053
738
401
1775
2409
1300
2298
1798
701
1060
571
138
2025
835
15
2583
1826
2283
2449
2074
870
1272
70
1873
437
1611
1819
2236
1054
1859
1328
1448
2394
1512
1213
508
996
2149
176
655
1269
826
42
2300
978
1683
1339
341
501
2046
671
1101
472
1659
725
23
1172
294
2012
2232
1136
603
885
1517
2028
2044
3
2129
2284
1089
2398
1319
1188
2410
1383
2031
1207
1615
1261
457
1036
1094
1661
1932
297
1482
248
1296
96
446
2422
1966
1558
685
1031
2235
1399
716
934
623
1504
1364
1174
404
1133
36
1610
2504
1071
1861
1363
1302
1897
1196
2412
1013
359
1511
1079
2226
18
1515
57
284
1676
2365
2139
1230
285
1154
129
1059
574
374
2316
2569
1014
1365
735
1773
557
82
2508
1417
481
719
711
91
1470
2510
1870
452
2092
734
1102
1778
1171
2125
1609
1741
980
340
2130
502
2274
945
1500
190
370
1738
299
473
2243
1404
2282
572
1918
1498
2172
463
565
61
646
2027
1275
1645
1476
1390
931
1484
2055
306
2261
1257
414
2222
1695
2447
1488
2348
809
979
113
990
766
21
1527
977
1586
2179
999
1924
543
426
1228
839
805
2278
1560
2165
624
1128
1246
213
365
1621
622
298
1091
1747
1462
2426
1262
648
1435
1395
2161
1244
1344
1529
1415
65
1919
201
1332
85
1178
520
429
1456
929
2073
354
109
465
2453
403
1647
1649
1905
2119
1547
1878
1975
626
998
197
378
453
635
1733
1348
1857
1753
13
1083
415
1688
845
507
1226
793
1497
542
382
513
794
2462
1625
1278
1104
2042
911
1340
2186
2562
1636
2266
577
2238
227
51
1822
486
955
2063
291
1534
1386
1126
828
2594
1475
815
2327
434
1087
2194
1626
1168
1264
2424
1923
1794
629
1797
556
610
1697
1204
242
1274
1249
449
2203
1426
1312
2477
1951
970
26
321
1143
1594
2201
2193
627
170
384
93
2110
430
2399
362
221
270
558
2215
1157
1008
2202
683
2109
902
894
1928
1690
1424
566
1150
1134
1789
2354
2451
2286
1177
729
2248
731
1799
1103
1750
1552
1757
559
1020
832
891
2358
132
142
231
687
872
1129
1749
39
1725
2306
312
1669
666
2265
1202
859
1561
589
705
1342
900
56
99
1839
2259
2337
1963
2008
2343
554
12
892
2336
1712
2252
1642
1672
313
295
1825
595
405
425
2013
379
59
1072
67
1691
1554
2090
1436
1113
1972
981
700
1184
439
2423
1835
555
480
2018
1251
2158
2291
919
1158
644
2395
62
2441
1737
634
2495
702
2407
537
1692
1616
1631
69
1124
531
1199
1260
1224
110
1176
1069
2173
2077
185
583
1696
1487
72
2108
328
821
388
2071
763
175
1458
2408
1719
5
1208
1294
361
1550
499
1309
811
118
256
512
1892
1884
515
722
108
264
690
60
1850
2228
2405
25
1564
2318
596
136
699
1812
669
2268
314
2078
1908
78
969
1525
1982
2223
1238
1837
1160
1438
1945
1869
1801
2038
442
1651
1841
1210
1740
462
1811
156
1830
714
54
995
469
1039
799
1394
1752
510
2040
2593
801
861
2170
1021
1852
1842
957
1976
2488
371
1316
1802
2062
2527
568
2515
943
2419
1844
775
2144
1220
2351
464
1086
1192
1667
2015
525
1385
897
2418
1954
951
2064
1341
1959
1978
1828
2066
386
830
2135
2370
2049
144
1582
2549
397
2314
672
1980
77
748
395
2565
1321
1366
229
920
498
806
2262
1028
963
1997
523
2440
466
2105
2519
1941
1505
2023
573
1556
912
1070
308
407
2121
1827
850
2357
1259
578
723
302
2169
1243
1391
261
1898
1369
696
1268
750
657
1229
1325
1281
1952
876
2368
760
148
122
112
336
2212
611
1018
1096
1297
2483
2301
1911
1524
2051
1971
2540
1271
1879
1358
820
2452
1800
1711
2329
1593
2111
2463
104
145
413
1085
796
1605
2326
651
2598
2060
1017
1639
1694
1496
2339
230
1346
545
2305
1090
254
490
2059
260
1509
1112
529
2106
946
1152
2199
2251
267
2271
2102
492
2056
38
1282
939
785
786
2
1081
2197
1675
1284
456
1537
1964
540
1724
2529
607
204
216
1638
2445
528
2128
2344
1141
567
645
661
797
107
394
1607
1728
985
2585
2482
1381
1067
1233
744
652
1595
761
0
890
1810
115
2204
2020
1146
636
784
1899
2136
1596
126
2476
1686
1084
337
875
930
1851
1860
1845
262
2264
103
1400
1431
2075
1739
2340
1542
2315
1502
200
1563
2338
495
1699
548
1576
1485
92
2592
987
829
2288
1108
1641
2032
1984
2464
2432
618
146
1934
984
1304
1347
1479
2490
1660
2331
1780
1588
1986
402
1057
710
1508
400
1653
20
709
1606
74
119
2491
1973
1449
381
2455
2174
64
1580
1929
781
684
1185
2376
436
2183
1555
1766
2596
80
239
2065
1212
1367
2487
2550
2257
2037
698
1885
1432
198
562
2466
258
1389
570
1792
2276
1627
1943
1492
2438
877
504
493
2094
2237
2054
244
674
398
757
2371
1472
1025
1080
519
1142
1015
2198
448
2554
1454
1846
476
608
599
2397
150
2256
1387
68
695
2384
2582
863
718
1617
2543
1578
2387
2474
974
1706
743
538
2430
1751
1614
1533
1514
1662
692
1656
411
679
1493
238
2189
303
881
2086
1950
1235
1441
2146
913
1214
1863
1746
2191
591
34
1270
1742
901
1317
120
2484
1359
1758
1913
389
2586
158
551
1970
802
2481
789
2221
726
1868
2068
961
2039
1756
396
322
2389
854
846
2513
2134
1311
250
1501
2030
2360
1522
2142
886
1407
1760
2575
1425
2542
1145
2433
1092
1322
1771
2381
332
193
1583
654
2151
2309
653
1768
128
2561
1734
141
87
1076
1032
1833
1942
33
1854
834
2415
1047
2116
2035
90
933
1856
2308
2460
2525
111
2104
1925
533
1165
1375
2352
1120
825
2297
1541
2002
2319
419
1754
2213
1735
1543
2117
638
2231
1169
1710
1613
632
2431
2362
1909
478
1350
1574
1628
2153
1295
2084
1362
691
1291
2017
2098
1002
143
1371
40
2067
511
2206
2347
550
1769
717
586
355
1107
2578
647
1764
327
2180
1987
293
95
390
100
1882
1293
804
1011
447
84
164
703
1231
964
1097
677
1182
1029
680
2434
2289
879
137
167
2247
2467
228
1245
1446
2124
907
1650
1622
1374
1894
628
1623
2546
921
2244
169
1763
1700
1007
813
1392
191
1460
269
2087
598
192
2580
2528
2310
431
2366
560
393
1078
1066
871
1652
602
2427
1781
2188
196
2551
2514
2342
1285
1010
517
2386
617
962
1571
2355
2053
1938
1946
2489
1254
1921
432
1217
1286
376
348
2599
1437
2178
154
2200
1195
908
1767
1817
909
752
2127
851
1922
207
307
878
1682
1565
484
1388
316
521
28
754
1093
2400
1298
2076
1979
1590
71
416
151
475
130
496
305
454
214
2263
455
1221
2353
86
730
218
1077
1585
1159
2107
937
1820
387
2163
1197
737
1955
862
2207
2461
2123
1736
664
1486
287
1640
972
1937
159
1457
500
1376
823
1473
889
450
1920
869
2374
798
24
1988
369
727
460
296
440
131
83
1216
587
1370
2566
1824
1876
1495
1447
168
2429
780
1608
1523
179
101
53
1026
2196
630
883
1604
753
2523
1068
234
1772
2157
2052
1917
613
1704
1874
1009
1644
1239
1357
1206
2346
399
1099
2443
777
2539
351
2563
182
949
2334
323
765
732
2143
2145
758
408
2498
795
932
1720
740
922
1540
1115
266
1549
2570
1944
471
818
1444
1051
1318
755
720
1361
259
1793
1548
2307
678
1499
2401
2009
147
2470
1453
225
288
1354
925
1049
1187
1635
952
867
2375
893
1396
2332
639
1155
2579
412
1041
2112
1914
1219
1968
1464
330
161
1785
2377
841
1998
2214
2584
620
631
675
1748
391
1592
487
353
226
1883
311
941
2091
1573
1902
181
1095
2553
2113
2021
2322
2335
2538
373
866
2396
483
1866
220
392
1718
1745
1777
857
989
195
1333
2450
497
2069
1478
1279
275
2302
2380
2390
1581
1634
418
681
2033
140
759
1038
63
433
2118
116
1714
667
2275
1276
352
105
840
2497
1707
2413
1001
1181
320
189
343
1933
1823
2239
2005
927
1732
2388
1123
2285
1338
858
2209
532
968
1715
2572
2260
172
79
585
458
836
2082
708
2363
1716
518
1397
2218
2097
649
2417
1408
135
1058
283
1743
2379
868
982
1516
1624
816
2225
162
2303
445
1838
2101
1402
1075
46
268
2548
1808
1132
2493
1705
1779
281
1569
2333
1044
2184
1654
1156
2152
377
163
2267
580
2295
1100
1557
1896
2535
1698
2120
2597
2177
2313
1762
524
1853
1983
1673
2210
2081
1468
247
541
206
2499
1713
2070
1130
1948
2522
791
1000
1411
751
1428
1418
186
2016
1551
1310
1033
2041
694
263
1063
2317
2324
1881
783
2439
124
233
733
252
592
1995
1023
32
326
367
1591
1655
1687
289
803
75
1265
1336
609
257
1893
2258
114
924
1657
2378
2034
2176
489
1450
788
350
915
2511
986
706
2425
1331
756
1349
967
1474
576
1401
1005
860
1619
1664
1416
988
2219
1427
1886
383
2115
1356
1795
1862
1633
1761
1111
2280
10
342
2019
1439
1040
1597
1890
