1868
63
287
2125
777
1568
1596
2180
2429
250
2530
98
2008
332
1758
1586
2344
1151
227
179
2156
411
2201
1373
1096
312
1148
2479
341
980
1862
1658
1583
1399
1837
2221
1533
108
4
298
1164
607
494
1784
1346
2198
2046
2591
1029
219
1509
491
1358
101
1942
2218
2315
543
1691
1300
2408
346
1717
147
1961
2302
2350
1377
707
1731
2490
222
2325
1522
1092
904
7
485
932
2538
100
991
2418
743
319
1666
396
1256
700
1813
413
433
1009
2540
2263
1438
1584
1966
2225
114
2317
917
2132
662
1008
470
2003
1505
997
553
324
1614
1911
1047
1605
931
1688
2187
1603
1983
426
310
2564
2546
53
1193
256
987
1846
1779
1135
1177
382
2318
683
1195
2422
2124
322
1419
821
1963
1435
888
2373
1374
1386
1432
2080
884
1565
1776
261
528
2361
1613
754
379
914
893
2473
775
1143
758
131
1536
2146
2574
378
2252
2411
347
733
2460
582
983
1902
1940
2355
791
174
1740
1189
1662
976
1296
421
431
2120
1900
2170
1239
205
1141
646
609
2093
1979
839
1727
394
2188
64
405
611
475
1130
2390
942
1543
85
1854
2493
2337
1850
1913
774
2414
0
569
2593
1252
263
1838
1278
771
1763
24
1472
2245
420
295
1381
1266
371
270
1607
946
153
354
1576
1352
2584
2517
1012
1855
1337
1669
1234
2182
855
92
1408
1566
2075
377
272
2244
779
2336
166
391
1000
94
1886
16
1349
2030
1743
1475
2581
2556
423
196
517
1739
2441
1546
2455
1732
1548
2525
45
453
1516
623
1712
1499
483
969
188
1002
1715
1729
1403
2108
1956
906
2481
112
1513
897
1201
1109
1317
210
1674
175
1323
2279
2242
337
1430
1240
84
1074
1156
1376
789
1341
2063
208
1174
540
667
2246
2586
285
2071
2074
1760
1273
91
1953
990
2103
474
460
1593
2485
572
2088
1514
351
772
477
824
2165
2105
834
1598
1889
1489
2141
890
1878
2043
139
2005
1219
173
704
948
2020
1342
1302
82
533
1048
2123
2503
2091
2555
1550
1315
577
2138
35
2171
2213
286
1935
1079
1227
626
1629
1490
1622
2157
36
115
592
276
120
1967
1183
1567
1448
2446
2232
1493
119
953
2250
189
693
806
781
2006
1402
2384
1722
921
767
2514
193
1595
1245
428
1519
1527
1783
1022
1502
2364
2452
548
1427
13
738
954
1745
692
726
958
110
965
481
2301
1803
1452
1279
747
1875
444
161
2166
744
1931
2535
200
765
137
2563
2280
1845
898
1421
538
828
1651
589
1384
489
805
2278
1046
1359
2214
2012
2598
2206
1677
1115
894
1385
1443
603
2118
844
2153
333
1194
2028
1066
2366
2181
2087
2131
1619
1439
2179
1014
1865
451
212
1561
960
527
504
1102
2267
132
65
1728
2417
837
1764
1539
177
794
1380
734
329
1726
1241
182
401
2470
1684
1027
495
40
1320
1777
1540
275
2456
469
1190
1098
1168
1632
1064
2119
68
2399
1538
2513
703
1423
752
2327
116
1917
1991
1351
2304
1163
1517
999
1786
769
93
14
1587
2393
1181
1670
2147
1242
2238
2143
2257
2544
57
352
780
1930
2577
1947
762
342
1654
414
1185
1738
850
1243
1774
608
368
1656
865
757
1433
708
505
1725
2168
1153
826
1858
1986
1128
436
691
159
2316
560
972
197
2290
340
1455
1327
1952
2073
1415
201
1051
1577
605
1388
221
1338
2320
435
43
591
1785
1362
69
886
1412
487
2520
753
956
2312
443
2383
510
1829
1920
1457
1205
1679
1761
1675
1293
432
105
2458
1905
2060
441
2476
689
2554
1134
799
2352
784
2421
2319
1555
1060
2398
1473
366
2516
2002
1308
2447
2031
934
2034
1692
1099
71
1507
472
1229
349
2128
124
2177
348
1857
1480
2321
1003
1661
1162
1147
929
1032
910
228
1847
1542
2084
674
1994
235
2195
871
1929
129
1004
982
857
403
2079
1176
1755
1462
539
1921
2183
863
1997
996
756
2507
54
1356
1095
1024
1936
1020
306
625
1610
2104
471
1616
832
2442
1713
2053
1724
736
1628
121
1116
506
2570
1624
2057
1407
2233
1125
1938
2412
1767
2515
2266
1802
935
2228
1213
1055
1733
636
764
1150
2401
198
2038
1701
1178
1250
1840
2527
797
2095
2334
2353
1289
919
2524
1119
290
1999
2508
2269
787
2331
2281
1707
1909
1272
529
800
727
425
709
1112
459
656
928
1465
643
899
331
2497
327
2174
579
1304
224
676
984
1848
1608
1781
2247
375
1375
2193
498
2007
1249
246
2405
2283
1449
1054
2023
80
2462
223
1062
490
2094
1989
1590
2482
2438
2217
1933
2229
1932
963
1866
466
476
905
1063
1087
615
1984
1105
631
313
1968
385
723
215
2090
2010
2231
1941
168
1809
2310
2381
1766
339
2457
2409
858
2580
2471
2434
1038
1155
916
1057
1068
1773
2113
2431
364
2324
141
1059
360
1188
1872
961
641
1730
1928
1808
1869
675
1775
2502
2137
584
1552
233
2065
52
2307
1645
2443
967
685
104
759
38
679
190
1949
1218
1284
2550
1056
344
1167
2253
1578
940
1187
356
1667
1901
2018
2122
2489
2186
952
1635
1425
1021
253
1316
1594
830
1246
2595
88
896
204
1882
2335
598
936
1052
2548
86
1090
2375
1248
923
334
22
1149
2072
2547
2298
1211
326
2397
672
1601
465
2342
1754
1698
2459
186
29
1367
2415
1198
518
1091
994
77
2549
2377
2194
597
1648
696
1208
1413
2464
1160
1558
856
860
1139
111
663
1496
1915
1137
1987
1
878
1343
2216
2092
1231
1805
1557
634
259
1350
1040
1544
1303
1564
534
770
1752
620
1073
244
497
962
840
949
1274
926
1497
2403
1646
484
1681
315
951
1345
1551
729
1282
1318
1397
294
2299
1518
2468
1117
156
1652
1016
118
2158
350
564
297
1436
1297
544
2235
2009
2230
1615
1114
387
1892
1371
15
2582
56
1861
1409
1136
903
2500
247
993
1535
678
1534
87
2150
2068
1157
2333
1226
107
1720
523
673
974
1844
862
627
705
876
1078
1395
822
1736
2466
977
1657
959
415
1085
1070
2264
1955
2553
1393
133
2155
1948
314
642
209
937
621
640
2284
258
2531
1405
975
220
690
2134
402
1762
500
587
239
509
1158
1463
2367
343
2389
1180
1640
113
1301
1582
1671
2575
28
1841
2348
2271
454
2467
1799
654
885
1083
1996
1703
2382
1354
373
154
1454
1390
619
1944
682
1441
386
1716
134
847
1444
464
1404
970
238
424
1097
2175
1281
2349
167
985
1903
1749
1529
2551
2533
194
400
308
586
1383
255
1919
41
947
1179
2427
2013
357
2192
1950
1699
12
1914
2004
722
185
2313
2
1331
2589
1049
1946
2114
34
868
1559
1458
2144
2297
486
513
2240
61
2059
492
664
1934
427
184
2022
1474
1080
74
1772
251
1668
1831
907
243
633
877
1089
638
106
2560
717
445
203
395
1440
1225
216
1821
1810
1649
226
207
171
2407
1971
1888
872
2295
624
2394
254
541
1447
2036
1907
1199
2070
1634
103
730
2498
1106
2597
854
195
697
1797
2472
516
302
666
2450
1569
2219
2033
925
1899
5
2359
882
2571
1406
945
1981
1216
142
336
1154
462
1013
2356
809
1364
561
418
1124
191
581
99
2041
892
2286
467
2296
724
1030
1686
2011
1680
1978
1378
588
1223
241
1541
19
1182
2436
2236
1464
580
1186
849
1053
574
1484
1488
790
658
3
399
2248
2058
1897
915
17
2039
1037
317
1478
1261
594
795
1111
545
1010
299
2209
1696
508
2047
1525
1207
750
1801
1460
1456
869
291
2210
1292
515
361
979
622
1076
2117
2270
2197
776
911
2385
1863
1262
1230
1647
2241
507
2590
891
2311
1714
1006
551
1479
702
81
416
604
848
456
1842
1392
2017
566
651
59
526
72
1665
225
2294
1526
2163
157
924
1685
407
321
1220
617
653
571
206
1925
2534
1340
1075
1976
1910
1483
2340
2185
1959
234
2594
1357
1382
1812
1370
301
2363
60
2487
1673
1650
760
1515
535
1975
2097
2522
1787
281
842
1982
668
1521
639
1202
50
213
2413
2135
520
2372
1690
78
1545
1508
1884
278
1556
716
2085
2272
2121
1697
1877
1172
1655
836
2101
661
843
1898
1204
1511
1495
2578
1067
1523
1600
2308
2062
1360
320
1735
430
249
369
525
677
630
2532
927
328
1778
2506
1943
1789
363
1709
2451
1524
939
803
1212
2102
1687
1832
2082
1554
33
1530
669
289
449
1937
2463
644
202
1939
1214
2001
1264
51
688
804
1329
1790
2358
838
901
1410
2029
755
2211
614
1286
2453
1588
1257
817
1283
829
2416
1853
2536
1333
1277
1322
178
2509
514
537
583
637
721
493
165
827
1609
1883
833
218
2328
1232
79
1977
1501
1581
89
325
231
2282
1839
1860
31
1247
2243
47
861
1836
555
1069
2110
563
2360
1442
355
2379
1923
1355
284
2391
1638
307
714
2569
437
381
1660
1818
217
2251
2056
2014
1294
1908
2341
1330
880
1428
1871
1311
303
1270
1353
2129
681
2273
739
1466
2378
1025
1191
933
269
442
176
1759
2552
1485
2402
1537
358
895
1589
2169
2528
1121
1101
1592
2061
2199
1769
2329
370
1161
810
2016
2173
2583
422
1626
39
2050
807
163
913
1880
2293
613
1391
1120
2565
831
2212
1276
2368
2561
1305
1401
565
2488
887
2026
950
2015
610
647
900
1822
532
986
1446
2037
1972
573
398
2258
1676
2545
1335
126
183
1825
136
1267
2000
2035
1122
1145
1469
2370
816
1192
864
576
763
1711
2424
1437
852
1644
1612
180
718
687
42
1459
1980
1918
995
1737
1196
2440
1637
267
1506
1570
1560
2475
2027
1108
2465
1682
1244
2076
232
657
1400
2543
2260
448
1031
252
1791
452
2184
2392
1744
2049
1916
1312
922
248
2469
384
2224
199
1445
1486
2346
2303
95
2491
632
1531
8
1424
2055
2208
1876
2107
2254
1794
429
1510
1169
1904
616
2040
2558
230
552
1494
27
9
2432
1434
2066
2300
1951
1895
2428
18
1288
981
2559
1964
151
1084
1369
1088
530
2220
264
2265
612
2115
1957
2396
66
187
2259
1467
160
814
1361
1706
2288
393
1332
240
245
2511
2207
785
988
2483
1804
998
1086
2191
1387
1132
2380
559
741
83
1856
648
728
875
1753
1653
550
578
1631
748
2477
1770
1041
46
2518
152
1026
2289
2480
599
67
96
870
439
2089
1072
1034
1224
802
2126
2078
773
1481
1780
2587
1197
2261
1217
1807
1275
1985
409
531
76
740
1133
2410
2542
404
1389
1815
812
479
374
1962
1042
172
2505
1094
558
1417
2519
1285
1314
1045
2116
818
971
1630
503
1418
1734
1746
2032
1896
1152
26
671
359
1849
1748
109
1636
480
2541
2454
127
2203
1498
2178
1945
1411
502
1426
883
1321
262
2067
1620
1575
1599
801
2249
964
554
335
2127
1623
1265
792
1811
37
1110
1893
815
279
2420
2501
367
1228
1175
2306
1721
2478
2054
542
2164
463
2069
2025
841
819
1765
1958
601
2189
2510
1890
650
1965
813
866
867
1291
1492
782
2557
499
2051
1834
1621
2494
556
1573
1071
2142
345
1617
2400
1166
1422
10
1800
2226
97
122
1823
383
1873
461
1689
117
1368
1017
684
304
2404
1742
1131
2202
694
670
575
305
1503
1082
1366
1233
1461
135
1326
1007
955
2222
1741
1678
62
725
1093
2149
353
2223
2167
606
1563
1757
825
1611
600
918
957
596
25
296
1906
1806
1236
1431
1851
2256
2521
793
536
1504
2274
512
2096
283
1852
2112
2354
2276
1885
1471
268
1159
2579
629
1005
2200
417
1747
1050
211
2204
1639
1295
2268
1663
2136
1520
1414
309
20
2474
1429
288
846
2484
712
273
2021
1970
1604
362
1336
318
570
1562
214
1751
1798
125
1044
70
1579
73
711
1339
1271
1723
2098
2365
737
2077
280
1298
845
1532
1992
1127
1215
155
1394
1618
1768
1129
1572
1792
380
2526
628
2064
478
408
2205
2099
434
1643
1028
2100
390
2572
1547
521
2140
1259
2237
1328
1500
1290
618
1683
458
2499
1019
1625
2052
1235
1396
1015
2423
1238
372
1142
1597
966
1835
473
879
1819
511
1820
181
1826
1171
547
659
2255
761
1998
1843
2154
2130
1553
1894
143
1814
2322
732
1334
1123
388
482
412
257
2376
778
1771
2406
274
2369
1039
2161
909
1035
2495
1416
447
11
567
2215
457
1113
768
2024
1705
158
2044
808
1602
1138
735
944
2387
392
2425
440
229
652
2277
2083
546
568
75
2227
1126
2109
2347
140
593
665
701
1470
2045
58
2176
1695
2239
397
902
1993
2568
282
30
851
23
365
1710
1927
1969
438
1420
715
2448
260
300
1140
1795
145
1549
1960
1833
2523
2351
1974
149
2566
1476
2573
376
731
2326
1702
138
1280
1100
943
1451
1453
1206
2139
2338
1251
853
1398
446
2151
293
1255
271
2345
1824
2262
751
992
2323
2486
2512
1859
710
2291
1827
1708
1828
686
1870
1580
