2020
2586
519
1596
85
1799
1125
1162
74
301
24
2092
1610
632
1489
1924
798
1598
1495
79
1158
620
221
1804
1941
1977
118
1290
310
89
1498
2125
1901
1172
717
2430
812
2498
1263
1100
1279
986
438
1259
550
522
584
2271
2426
1095
1073
1246
183
815
1079
1090
2167
965
999
1251
1917
186
1455
154
1420
2131
1747
1707
236
1954
1285
198
1281
1621
1695
2267
2377
449
224
1170
36
1345
725
882
385
918
432
615
610
927
1006
2217
947
1096
2429
2375
2411
2260
1078
964
1302
142
800
839
1022
355
1602
746
399
2537
1767
984
1846
574
1880
2488
2254
1324
1840
2081
2190
1733
2446
393
547
1064
869
1205
381
2493
507
1928
504
2401
2306
1694
1307
305
1274
423
1077
834
181
2553
2203
1442
1820
1029
177
1724
1276
7
826
544
21
60
1682
394
1900
915
635
238
433
930
946
159
1717
2064
162
742
957
1331
1144
1918
2286
1265
2437
694
1235
1332
1962
12
558
1504
33
2433
2538
644
576
1910
1486
523
2252
1445
61
898
2003
56
1370
2338
350
386
2151
1448
708
435
345
1243
455
622
2531
434
2455
646
2381
1965
1723
289
2555
2123
2529
1866
738
135
2424
1667
2207
1566
209
2395
608
1870
2392
2012
1842
486
508
841
1744
214
2528
514
1664
827
1843
1309
58
929
2299
1692
388
1964
1510
2308
1249
1091
1296
597
104
2554
2569
369
428
466
1926
1424
1922
1124
1375
2075
476
2191
557
669
282
307
920
2099
1790
716
2200
1393
2564
1823
1911
461
2082
5
1944
2408
1080
2067
208
1323
602
718
977
1197
228
1226
231
614
2585
1336
1503
605
2173
763
86
1397
1894
1464
2511
1521
2366
187
1713
67
2478
1731
1275
1218
315
1016
68
811
2126
34
1745
1647
285
2275
460
1624
30
173
1395
1795
709
2071
1467
2141
1587
564
634
1592
525
1417
2340
2284
692
511
141
2215
759
488
1932
2120
1583
2182
2140
427
770
962
2480
535
1182
651
563
377
343
65
227
1245
545
2078
1845
683
1382
621
470
1967
922
2138
862
2266
1187
1344
2350
212
2467
1902
1402
1749
910
2013
1216
1052
2113
618
2187
1270
552
1818
2148
2241
2572
309
1645
2544
155
293
1400
1979
1703
2220
1084
1435
1742
1570
1622
1067
199
2524
1826
1369
1301
695
863
1292
329
2262
1050
1794
1999
2454
990
346
1385
1295
1649
1603
411
886
2276
1247
1208
2419
968
2253
1176
1224
1359
2088
14
475
2259
1702
1966
650
6
353
2155
722
253
230
2102
769
2406
27
2332
677
566
1975
1222
1822
1000
821
2333
633
1030
2130
1199
2327
125
174
1935
2445
693
266
2515
1655
543
1304
603
1580
93
1586
2359
419
2598
989
594
2583
1605
636
2452
2296
963
1847
652
1403
1774
1273
1807
1085
796
1617
641
2503
1461
1878
1293
99
2032
2331
1042
296
1643
578
741
582
515
485
1156
1614
1811
1759
754
2214
604
2497
1173
408
2097
2521
1796
616
1555
1730
2242
1525
1752
2127
1563
1499
879
1834
2136
1848
1509
1590
2378
2039
2055
1123
835
1210
2188
1905
901
2376
2033
906
1005
1978
786
1994
1882
1569
2129
477
2201
1049
94
2533
1399
390
2393
431
955
416
919
1137
1010
101
332
191
81
126
1780
1657
1057
1591
440
607
837
1676
1352
189
1764
2587
1554
856
2425
1985
375
1639
1
298
2
336
108
1627
1867
1419
1056
859
77
2195
1864
1180
861
1389
2142
1113
2181
612
1337
2578
2002
119
1122
469
1055
711
348
103
848
2045
1333
459
2413
2486
269
719
2577
1943
1436
1991
2175
2434
937
1088
364
421
374
512
39
2109
528
8
1758
322
409
542
1028
2481
2070
2022
1404
1683
2387
2084
1788
2048
583
1968
273
1406
122
2448
169
1873
895
422
804
1063
860
120
710
560
936
25
1152
2390
1151
503
97
2209
2111
648
479
1921
2278
1661
2171
1258
858
2180
234
2581
2349
1011
1593
1118
373
410
53
92
1765
1321
1267
1679
1317
481
1238
457
932
1092
792
2035
1148
1178
2263
407
2391
2205
1061
2388
516
2274
1534
793
1573
219
1530
326
696
973
2502
496
144
1217
1147
782
2062
1684
1512
1391
2177
383
880
157
338
2510
1264
1001
1367
520
1940
136
334
758
1571
318
655
2398
617
1600
1289
2382
47
2199
1611
662
398
1545
1881
1883
750
1059
729
737
1033
73
1423
55
1810
1215
2184
2520
1792
291
546
1181
1560
2079
1496
2399
1351
1155
1952
69
2523
2010
1594
42
873
1691
1540
529
2094
876
163
2384
533
401
2427
831
1260
1677
127
1490
389
1365
921
667
2251
2050
2297
974
2491
2063
1128
2244
2566
2269
1451
190
2161
707
1194
699
2139
1754
735
643
1037
290
649
494
143
567
18
1466
797
1640
1815
939
2037
59
1625
1946
1705
1813
1161
981
247
2247
1522
1995
368
1607
360
1038
1859
50
115
998
2053
1957
913
868
2475
676
891
2115
2482
2351
2476
1101
184
1974
2534
626
2224
1983
700
776
1346
2341
311
931
1478
248
2548
562
1430
1715
2536
2005
1327
166
536
609
1294
1953
1471
2044
1211
852
137
2264
992
1444
1550
2058
1850
851
774
1414
242
243
1623
123
890
2134
883
642
2428
2185
2492
444
1018
1660
1431
2559
657
1237
904
2213
2539
1519
884
592
872
1015
980
359
2591
1648
2561
240
845
382
587
1287
777
1291
2514
2469
202
1248
1032
472
180
2229
1987
335
2337
299
1726
1111
1268
2273
274
2282
1831
441
2494
1609
1239
1387
593
1339
2186
874
232
1827
1801
1459
2158
252
2483
436
2031
994
1449
2313
2415
1950
1383
1619
1738
1098
2567
2418
2584
2017
1046
1762
1574
1753
450
129
956
2061
387
1673
589
294
1808
1628
739
1262
2343
1272
337
106
275
349
2036
204
1271
1516
653
534
500
2145
1492
829
1184
2210
2007
2347
437
1465
2403
899
358
2164
1579
1973
1890
2023
2460
1766
1769
1669
1361
1956
1787
2212
280
1109
2420
554
220
900
1477
1135
572
1407
857
2551
825
867
843
1062
1036
2394
2318
702
1450
2344
1207
513
491
757
2489
1480
2156
439
412
850
2473
1462
1854
1360
745
663
778
2527
404
1463
2562
1666
2594
1536
1778
1138
814
1072
1020
356
2441
1212
1861
31
175
2512
1934
2323
218
2439
2258
2348
1230
779
1532
801
2560
1456
2315
1074
893
1206
1803
2060
2409
1447
2218
736
2117
1494
1476
1638
52
325
1350
987
1008
2105
498
2057
268
2114
1316
1631
2519
2407
2170
720
1315
2365
2362
82
1506
854
753
897
239
892
2373
1253
327
1693
654
2326
2328
1868
1250
1234
1097
1912
197
1083
2526
217
1043
323
2573
756
1690
1175
2470
985
1877
1551
2543
2354
1119
971
1791
1165
1685
83
1141
1219
1183
312
1663
2385
889
1017
1518
1701
2461
691
260
1514
2363
760
1023
1198
1060
171
405
453
263
406
1221
1960
2163
2014
2400
132
517
490
721
541
458
599
426
1652
561
2329
966
292
787
935
320
902
1588
1089
1662
1454
2479
2256
319
1671
2471
2593
1342
2270
147
1195
1379
1031
983
165
1595
661
1557
1963
2011
1068
1887
80
28
448
1479
1426
1019
569
2227
1706
2289
2356
130
802
2194
1885
1380
1313
938
2345
70
1149
2447
2352
32
2028
751
249
1458
139
286
1326
1829
2225
66
379
2364
2309
2444
2026
731
1213
71
1844
2193
1108
2525
2042
877
2501
1308
451
510
2085
1425
2112
153
2153
993
950
1982
1773
1851
1058
627
809
817
1945
940
1809
1409
847
1697
1441
1976
1746
1106
400
2174
2302
2283
625
1401
907
538
352
818
1231
1306
1048
887
1341
1110
1192
114
467
1203
1189
2056
279
22
1040
478
726
571
979
2101
1145
0
2422
2128
1105
1065
473
1537
1241
1086
761
1107
1998
1781
1139
2596
724
456
1229
2160
2211
1996
1969
820
354
1732
1933
462
941
2505
1559
1372
855
942
1888
2389
216
417
256
1255
1785
2001
16
506
1168
1349
1201
819
2235
2397
1541
767
1343
78
20
1335
749
134
112
2087
429
1373
2590
1786
2052
2552
1561
1581
1220
775
1728
2582
794
1328
1698
367
213
697
1396
102
2530
468
2558
2240
1909
2110
1299
1045
2183
1303
1071
1093
1508
1582
192
1961
463
1805
591
1947
117
1972
1770
789
1681
527
1284
502
1637
1185
297
1725
1763
2027
685
1166
1544
914
2459
2041
870
2574
659
1362
791
2135
339
1839
43
728
1355
1572
1712
613
1670
1269
1542
2279
773
1584
324
37
1378
2588
128
2086
1371
2547
664
606
2485
2412
251
1214
579
2575
1971
766
250
493
2047
424
2402
1830
752
264
713
2305
2004
1771
1601
168
1312
549
1527
833
1127
2322
487
229
365
2321
1164
505
2124
908
1475
1775
1539
2204
959
570
1686
1789
1942
1838
933
1800
2319
1163
380
1606
1120
2016
723
11
1314
953
1734
1875
2221
314
201
2169
2436
2410
2152
1364
1340
303
145
1177
1529
668
2303
2030
1422
978
340
2496
624
1405
48
976
1546
665
1354
2029
483
241
2571
2228
2236
2208
1485
575
2118
2438
701
1277
995
531
2147
871
1114
246
1227
1658
928
178
580
1024
2295
698
1797
1783
1298
1039
1469
2487
26
530
1319
926
638
1179
2090
2499
637
2226
1720
1768
188
1408
2307
1453
943
2466
425
1711
675
537
287
1739
1948
1520
924
1955
2535
577
194
2272
87
2317
1895
2542
1632
679
1604
1776
1413
2257
840
283
57
1524
2143
64
2008
1433
945
1784
1986
304
730
1576
788
2292
2457
413
116
1487
2116
755
888
1760
1474
1629
1699
222
866
1511
211
2104
2518
2474
1567
63
573
2464
1374
1547
1193
2133
1993
366
151
149
2456
1358
443
2556
2034
595
714
799
75
29
295
925
903
944
1630
2383
265
2178
2237
875
790
832
1034
259
1329
203
395
1190
1472
1429
1914
270
688
1115
743
19
1920
553
495
1552
1140
1076
2298
1659
1646
1562
1737
885
1687
1288
1970
916
361
2059
200
2065
1384
988
2288
2346
2132
2197
1997
896
768
196
1353
765
1169
909
1735
1709
1814
1427
808
392
598
1824
1117
878
2325
90
1674
2255
1984
331
781
38
2119
678
967
2549
2281
712
1817
1992
813
521
1236
1929
823
317
951
816
1913
2246
341
1242
1597
1416
1635
2066
23
2277
1931
96
1338
1134
98
1188
784
2290
1719
1126
124
1082
1802
1157
822
2095
666
1526
2176
1761
1721
1862
2077
2546
131
276
447
2040
600
105
647
2568
1980
267
783
1893
658
91
161
686
780
1026
2166
623
2360
934
1421
1680
949
2154
1014
378
84
585
1390
2000
225
2285
1160
1668
357
1923
1906
1394
49
1874
1656
2021
1515
150
44
2580
156
2243
2149
306
972
1446
100
689
2219
1528
970
1368
673
1856
2068
1523
2150
2565
540
1297
1437
482
2312
1300
518
2239
2367
2261
960
158
1779
113
1482
1376
454
480
1919
1700
1004
1053
2513
2157
397
631
152
556
526
2545
193
133
1153
233
1256
1305
1633
671
2330
2557
1443
2098
1644
207
2477
446
1710
2198
2006
2280
2103
2146
1415
363
1641
1891
2334
1286
1836
1386
1714
2450
1618
255
2339
1410
1722
328
72
206
1261
403
772
40
824
2091
1533
172
1310
1146
619
1003
581
1347
836
140
997
2049
828
2449
2442
1044
1865
1388
160
261
1654
1642
727
954
1858
164
396
2304
1816
1615
1556
499
1325
1121
1460
2232
2570
2576
1620
35
471
418
262
2431
1174
611
1727
1716
62
1718
1832
110
2369
2355
2089
630
1356
1772
810
182
2484
842
1608
923
568
1869
321
316
235
1254
1740
747
2465
489
2490
853
1452
2516
465
244
588
281
961
2414
2106
1348
1736
715
1549
2093
1959
846
1678
670
2540
1825
2509
2589
1411
2335
2122
2121
1129
167
1782
1981
524
1634
1886
1750
2522
185
2024
590
795
1564
351
1070
703
2451
2416
254
1793
342
2189
2396
148
1311
1748
2046
1434
1094
179
2287
1505
660
2358
2107
430
484
640
2206
2597
1438
445
2069
539
1616
1171
905
2245
138
1501
1223
865
2579
195
1282
803
2374
302
2371
210
1938
2421
1252
414
748
1958
1493
1841
629
2230
1167
1418
2019
1502
10
2342
2380
278
958
682
2074
1021
1232
146
1228
1196
2238
1200
704
681
1507
1908
176
46
1013
1483
2458
690
1936
372
1568
2353
952
2051
2202
830
1007
2435
1857
1069
1132
2314
849
13
1002
1318
2096
501
628
1849
2165
1054
805
596
1363
2231
1899
1872
245
2248
452
1102
1538
1025
2320
121
1470
1949
258
764
1225
41
277
2234
376
1708
2250
1204
1130
2172
1860
733
2595
2300
555
2495
1066
1907
2043
1904
464
1473
205
1916
1209
2196
1233
740
384
1412
2301
509
1439
362
1357
2083
1500
684
1939
2386
2324
3
1280
1104
