304
2235
1401
660
2217
836
282
2118
2066
1177
2270
1988
439
366
2529
902
846
778
2483
1903
1623
767
535
6
481
1785
2336
1707
916
1279
499
2400
28
2457
1885
790
1193
644
1326
1857
477
558
1513
4
1435
527
1784
2095
664
1951
994
1566
54
1625
895
1357
1645
992
2460
1872
2421
1362
1882
1141
2275
2027
2477
291
432
81
177
736
839
2293
2320
1132
2163
1396
1907
804
2340
680
2597
1944
1145
1901
396
1379
2312
2094
559
748
2029
1957
1770
1129
924
913
2114
1441
367
521
2458
1611
1978
2355
1929
675
1181
927
708
2433
205
975
382
2530
50
2096
1858
2354
302
40
2221
2271
1559
285
600
1603
1669
2204
683
2362
1768
1673
1678
605
615
1140
287
2596
638
107
2352
1487
1011
733
563
544
102
2579
108
1583
1688
724
292
2436
1780
607
1045
1737
1402
231
1000
1675
959
560
2420
1818
1157
1489
314
1043
1657
192
1004
1322
911
870
636
1165
2506
2182
1122
195
852
428
2350
1764
2390
2152
2374
1102
1206
1778
610
996
1827
120
65
248
330
906
2142
1269
1734
1837
955
577
2068
784
2535
934
1398
807
2454
1644
346
2302
171
1496
1297
17
1144
1608
1446
1436
1661
1847
2280
2349
403
525
1731
965
1541
2020
1363
228
2568
763
2227
335
1447
2431
1561
1188
602
1773
203
1217
275
1655
1972
1480
1185
1452
802
453
893
703
2022
1973
397
1348
712
1654
1873
2394
1117
1296
540
598
1728
1955
725
297
2255
442
808
730
993
623
2016
2570
1077
2406
188
2373
1964
2491
2567
1093
2332
1985
655
1595
645
1977
654
1433
613
2397
1646
119
1749
280
2318
1870
415
58
1179
1442
2371
75
1265
2492
1194
2331
2425
2294
1918
1351
56
1748
2175
2399
1991
2389
1574
2310
1564
685
1576
894
1624
1556
653
425
2495
1142
2001
825
2060
306
2158
1164
1697
2427
321
1413
1247
1596
553
1470
82
1084
1503
1819
47
1662
783
2079
1946
2385
1501
2303
757
111
1909
219
1807
1089
1293
771
216
495
480
954
674
1236
2480
1994
1509
1196
1272
233
1702
1395
1896
126
1421
692
546
194
707
501
2569
438
2047
255
1404
1080
820
984
486
1826
1399
1123
208
1699
2487
2419
2366
1817
1252
1071
1812
812
760
2475
2014
1852
1260
1065
196
1825
2526
589
612
620
1415
1551
773
1264
1986
1114
1597
2319
1308
1453
2040
2058
899
2071
2599
745
650
2290
124
1788
429
572
979
1382
632
1585
2199
547
987
921
983
1163
2499
1422
679
797
533
1053
1374
587
1577
329
1294
487
1672
1039
1899
1128
1893
2268
1036
368
1408
1810
2429
2509
464
2075
1867
569
2532
2080
1146
2101
224
2031
2256
1555
2462
854
1833
165
588
2007
1223
2348
557
422
1135
241
2210
1710
761
470
1680
713
898
985
91
514
270
517
2501
1087
2112
2057
2426
1900
1842
1726
1183
2382
468
555
1828
1698
340
1323
1705
130
1471
444
93
1607
1226
133
2540
586
2104
1246
1940
2061
579
348
1529
1563
1388
1281
2387
182
1892
242
370
2184
1002
1545
1044
2004
1115
693
2136
508
2147
1375
1779
2140
2521
2598
1483
2297
1334
1843
700
485
236
1026
2478
1683
2064
1733
768
2051
1601
859
829
1301
440
1629
206
858
30
258
134
1792
2405
1544
2108
173
1205
169
1325
1502
443
813
925
866
785
957
123
1674
2538
932
764
2087
1186
2100
1797
201
186
441
885
1966
705
2117
880
1637
273
16
2519
917
2053
1427
1517
1454
2017
2119
1875
1070
2194
1112
614
1520
1660
2473
421
592
1664
1934
840
561
2308
2343
76
190
1729
1159
2028
881
1
331
1506
1533
639
375
1271
936
2208
1094
303
221
1365
642
2131
864
900
87
1032
98
11
353
1456
1490
200
2372
1477
1753
772
1695
1515
1448
2173
1848
1380
791
2169
446
2109
1316
788
226
2120
2402
972
115
1494
1215
2307
1245
1443
749
1328
181
406
414
3
1333
1684
1725
1790
1249
2135
2274
1701
325
2121
2291
2323
2589
968
268
2325
1504
1569
1377
341
2476
2360
2111
1965
608
2386
1138
510
140
1990
1794
1461
1307
161
389
816
288
1268
697
2304
877
576
484
1863
857
2543
534
977
1225
1248
1201
24
94
101
628
447
1292
364
1681
2356
1881
1428
1894
671
8
2342
1651
363
1877
400
1787
1931
1354
230
1073
157
1906
1488
1998
1636
1995
582
1359
933
1147
2328
1641
385
2486
260
1921
2383
1687
1450
943
1537
45
1588
48
669
1349
630
1836
1724
1642
293
2346
2070
301
2398
2159
1283
631
212
1233
585
2098
338
1811
1221
1766
2453
250
1747
1352
774
418
2517
110
223
2137
1782
229
1865
2191
627
1467
2378
2006
1546
891
2102
583
1208
351
1800
1027
828
2289
2185
1060
1969
821
1511
2292
2003
1634
1331
1291
1228
1241
1344
2410
2013
747
1652
2165
37
2524
1970
918
756
1299
1933
2299
1381
1339
743
1232
1287
372
137
1959
2339
2263
1578
1562
2067
2151
1525
2273
294
2555
259
158
1761
737
2156
2423
2249
1814
2367
845
2586
1709
2443
1902
2139
2202
1318
1536
1723
513
67
537
1720
1539
2168
2407
1012
1343
702
309
1204
800
573
2019
1139
1355
1262
970
1621
2513
2195
125
1653
68
2379
2234
220
452
1438
149
1519
2155
1755
1599
678
1028
1550
1943
1552
920
549
2412
1767
2408
1104
490
1868
2122
2424
1592
1821
1009
851
1549
672
2445
2461
1227
1068
2474
264
227
299
456
596
1727
1772
398
1542
982
1403
2226
1736
1392
2539
202
347
1329
476
1020
2560
60
1397
1647
2415
701
1152
634
1167
834
1593
267
1997
2416
2036
1230
2520
1658
1034
51
305
1231
1162
1466
1037
726
369
2090
104
1255
2124
2300
1216
575
1178
1713
1656
2321
1400
1290
435
1109
1126
2037
1781
2161
2232
210
53
779
2551
386
2097
2593
146
2279
619
995
1131
1815
793
1690
1385
167
2591
2525
2563
2496
758
2514
1958
2353
1796
2164
661
2220
2305
2449
662
529
1459
59
948
281
2261
1853
1703
1924
2286
2584
2123
1960
518
1143
805
2322
2337
2005
1286
49
643
1006
801
1668
1342
849
424
416
0
1908
1369
176
2082
1171
512
536
919
361
1237
1239
336
766
434
1054
2361
1156
2209
407
1954
2200
2511
1659
2534
1468
2044
1993
478
1430
1335
1210
1971
625
39
1059
80
946
73
1125
556
1535
2422
1289
1220
2363
1721
2518
541
507
1808
488
1124
2212
2138
1017
1282
1218
462
2180
2143
861
526
2034
2130
283
2469
1086
872
590
64
1082
2211
1987
729
1505
352
953
1514
1759
2351
34
1310
2236
1791
19
622
2248
1614
1963
1336
1081
163
1176
2188
198
1407
408
142
22
204
2440
1005
641
1980
2329
2023
888
1961
2527
531
1276
1105
399
2369
640
1813
719
390
935
2049
138
2024
1558
1118
2489
1886
2059
952
2287
1195
2110
1691
128
1832
160
931
2048
1384
1373
420
2083
2149
286
2132
1989
2026
1417
2223
1079
2595
1776
135
2510
2358
211
1932
2546
274
1432
88
750
1928
298
2558
2404
261
1553
1481
103
2414
1069
2241
926
2198
2126
365
2245
528
44
308
448
571
2030
1203
1172
599
1930
833
941
62
986
1378
332
2285
2269
1419
2357
1166
629
1587
1677
2347
1897
2418
823
1222
1758
460
1570
159
739
2338
2485
371
1586
83
2441
427
289
2335
239
1197
769
401
154
618
2229
1090
295
1735
279
581
2439
2542
1462
2086
1754
718
722
595
969
698
976
1103
1338
950
1765
426
175
79
593
1347
1816
1406
491
988
1482
1732
824
494
799
1001
847
2225
1822
1475
887
2196
1976
1850
2536
1410
1370
1711
2128
1916
409
12
1760
404
1841
1097
1219
792
2502
951
1457
1209
2272
974
2276
2409
215
2448
500
2388
471
1742
538
2344
1130
990
1304
2552
1008
1631
874
496
311
131
251
1314
1047
1730
136
647
594
2032
584
810
2089
278
359
2237
2009
1650
2134
1426
1263
350
1429
1648
1895
1628
1610
27
147
659
2508
1854
570
1518
46
751
649
868
2452
890
1935
1051
2008
827
1021
2253
1947
33
1416
2377
1804
1057
597
1010
860
1685
90
1967
789
262
711
1950
1626
1823
148
2298
1243
1414
2375
78
2192
1540
2062
997
35
1649
1412
234
1617
323
1809
1030
2054
2566
1476
1273
815
1048
1240
1418
938
395
781
862
1922
2395
503
2380
383
310
1613
904
520
1708
1386
1229
2018
2116
759
2317
1367
189
2106
663
1015
2262
574
1575
315
742
2396
2434
2167
786
1512
2588
961
26
2074
2590
1941
666
256
1974
1120
2153
1212
1213
966
1266
2528
682
688
863
498
41
991
914
1938
99
2042
922
1937
1508
1831
720
1274
436
1100
740
2000
2239
516
819
2050
1116
156
1860
1463
419
831
1358
2190
777
502
2266
2571
1926
1851
2181
2065
1224
349
2063
1056
635
1346
29
318
1777
543
1605
355
2046
2470
493
2507
2107
723
180
2391
244
166
1298
2359
2572
392
1244
1671
2403
940
1058
85
746
1180
1315
2205
1992
912
1387
1746
2523
2240
981
380
1743
2481
1038
509
1091
21
2002
1554
1956
187
2549
1014
2166
393
1670
170
2187
2301
1371
74
1353
1676
1682
1158
2011
9
1524
2056
10
1805
1663
2313
826
1238
2093
1856
284
1861
616
1394
2170
2512
2333
1149
2494
2459
2384
2282
1440
473
1565
139
2228
1497
1189
1250
2309
1716
191
1330
1846
1256
55
482
43
1507
796
1719
1543
320
1341
2411
754
1041
2576
430
209
1169
1437
254
394
207
237
1003
2430
345
962
1884
2177
1925
1364
2296
457
1199
1573
300
1953
459
942
2215
1789
1259
1891
474
1783
1859
1108
463
5
841
326
1866
1913
1917
2233
1464
892
1083
13
1153
694
387
523
2078
2467
1050
1285
603
842
322
1984
2493
1013
2193
2315
2314
2559
2015
554
1280
1584
830
1101
1751
455
307
72
257
2133
2
1302
328
2582
1704
2455
1391
2468
1718
929
2264
1405
479
2450
2531
2174
909
1609
117
1557
2038
2284
2368
1029
1234
466
217
2113
1862
445
2250
1035
1198
1356
776
604
568
1786
2084
1905
2550
1078
1092
1257
84
1665
2081
2479
2345
1945
1211
755
2154
151
1855
511
1962
388
1161
731
172
1975
530
2021
765
1479
735
1361
689
1618
2503
2157
374
1633
1915
709
937
2466
1184
1714
1074
1136
7
670
32
1793
238
127
354
164
1510
1999
2129
1151
2490
1319
2146
1498
492
472
973
2150
1904
2482
2085
89
2088
97
1839
1066
1023
1600
787
2105
2592
1744
449
550
2334
2035
218
1696
178
433
1606
1340
1320
1500
2207
2183
567
1591
1643
681
1516
1409
741
1305
867
1769
1548
483
1919
2243
2515
2547
2463
437
2045
780
548
853
1085
2456
782
958
2010
2162
1889
1007
2073
551
1604
1864
673
2541
686
875
458
817
1910
1267
752
121
1589
699
876
2039
1923
2043
1040
896
2437
1802
578
1444
1948
855
2160
38
1317
31
2206
106
1750
23
710
69
199
2295
1119
2438
1127
1579
1829
1190
1911
2242
1270
1173
1098
1531
2472
1242
384
1148
265
132
1526
1016
1458
1134
1534
1912
1064
504
276
809
339
2259
1532
945
2505
185
798
930
2201
744
978
2099
61
1775
1602
2537
2562
141
2413
1567
193
646
360
2381
57
358
2316
1568
923
2041
277
2553
381
1451
1390
1024
2115
1952
66
1055
1739
2076
113
245
1439
1022
980
411
1062
116
2565
2330
247
665
2246
92
114
1376
118
1981
162
263
2281
1313
246
2444
775
552
1113
580
844
1460
2145
651
1170
2545
1368
897
2533
676
14
967
1106
240
1254
1936
684
168
1639
1133
1878
1715
271
1473
1253
1547
214
2252
344
838
1615
1835
795
412
1712
342
947
1757
377
1491
738
2203
52
18
1309
998
1389
95
1499
2401
179
1598
716
184
467
903
2341
71
2231
1898
2213
2179
1207
2077
2484
1063
1528
658
2442
1838
1076
454
1383
402
989
1445
1472
677
1616
1251
1983
822
963
835
1033
174
939
691
334
873
2451
2055
197
296
1530
1745
122
378
2238
2172
2052
915
1871
2376
611
1771
956
1632
1887
2594
2306
908
506
356
1423
2488
1154
1722
2324
667
886
1284
333
153
1420
1840
721
373
312
1849
1622
42
971
2577
522
417
762
657
704
732
2364
944
2216
2428
1806
1018
1469
907
1693
272
1493
519
814
818
734
1522
1638
2522
1700
1121
2176
1914
1883
379
2251
343
2148
2144
1942
1803
2447
1261
2012
1424
1594
232
794
1706
2587
1820
112
999
2265
1582
2575
225
1042
1192
1449
1763
1666
848
621
2141
213
770
337
803
2260
1182
1168
36
105
362
850
1740
856
1465
565
249
1474
317
1200
1107
2278
652
70
1667
1174
1088
2564
410
2497
1025
2091
539
601
1332
2498
1434
2219
2393
837
