2373
1994
2566
202
1326
1472
1475
720
809
2117
1059
1986
353
1155
1229
352
2147
1515
1656
2476
2158
2228
1964
670
979
2531
278
539
1748
521
1200
2429
513
2581
964
538
1349
754
795
382
314
789
974
377
2307
2214
667
338
1018
1123
2102
1583
1019
1535
2375
162
2443
1744
1688
1721
63
310
87
1335
967
48
678
1629
1169
2135
722
1537
569
1760
801
1731
1277
85
205
2099
2263
1000
1319
2082
1932
601
866
612
2224
823
1115
1433
1793
2023
1047
2118
89
1498
2361
15
1575
580
159
449
849
2435
1749
2442
294
1158
820
1759
2229
631
2337
674
1985
565
24
1070
92
1859
1113
1723
80
2259
1077
841
2173
2590
939
875
1384
1014
842
1140
1268
1791
0
2594
2455
2410
838
896
1800
475
1938
2529
1203
288
2386
1295
1197
2533
859
931
517
413
1073
350
257
270
2232
1008
1875
1031
459
1159
198
354
1618
574
567
1310
905
1567
937
633
524
570
1492
323
1069
1581
2593
1534
976
187
214
2542
362
2321
216
2363
2090
138
378
614
1380
2449
2315
2300
1005
831
546
2112
361
2452
1889
2491
232
1926
137
2073
200
2320
1145
2490
1001
587
1176
2146
1816
121
536
2372
2597
2347
2128
1818
1713
861
306
2354
2396
1929
509
751
112
891
784
1873
528
2097
390
1093
2033
1659
1663
2390
170
642
147
2377
2187
468
2114
2359
1587
2119
1891
577
57
818
1867
1715
2486
1275
2030
2170
2417
301
158
1695
186
781
424
1770
783
643
681
1431
1056
1700
3
1855
1336
1
1540
2115
750
370
2139
579
677
1573
152
969
2324
2440
1627
989
843
2569
1036
1817
2399
673
1106
2448
1419
392
2424
2555
1148
1549
2499
1338
830
1646
2578
532
780
2132
1329
1734
1868
1595
1283
1551
51
1150
1194
360
2127
887
1958
1468
1714
1057
691
31
2376
1153
512
2596
2327
2113
105
1521
164
520
173
1447
710
559
2313
1648
285
747
1735
2380
366
903
1517
2274
590
476
941
2018
794
684
1157
1992
707
2260
2011
54
1772
1089
1448
1558
1844
1027
391
266
1601
2510
55
1221
2545
1254
1276
1865
145
268
33
472
1828
1504
67
2319
1471
1960
1143
1916
1870
1174
2136
672
490
2323
108
808
1467
333
1032
169
718
2462
2436
926
496
241
1529
965
403
1186
1905
1340
1101
1406
603
1100
2503
2326
2518
451
632
1395
1655
1322
2537
1650
1512
1013
777
1400
44
1330
1774
83
1483
1473
320
868
2477
77
1827
611
1435
925
2091
2180
81
1881
2088
142
2528
1771
2357
1790
2536
2024
1142
2251
27
1924
2109
654
2318
1906
525
9
86
1307
1281
2421
1232
1503
2413
1168
2047
982
1365
1678
1685
2437
1308
1778
785
628
2237
2268
1621
1190
2509
2149
595
1202
1963
1899
252
872
1819
2185
387
213
1809
380
448
2598
1858
2058
426
436
1807
811
1220
1317
721
14
1023
1821
1991
289
71
409
2445
1660
2301
2005
593
1025
1130
814
2230
1369
2168
2282
1458
1246
1666
481
792
1901
1511
527
2368
589
269
500
740
2075
104
2004
1967
1293
1360
675
850
2199
32
309
749
2225
1092
2454
683
56
337
1247
1011
101
1421
1784
840
423
902
1841
1866
1726
1466
238
39
658
274
2500
668
1797
1062
1109
1495
311
2506
1420
2055
1459
234
483
176
2365
999
863
1613
945
1758
575
1218
927
2406
153
452
2599
1442
686
144
763
445
1860
316
1614
10
530
2366
397
2543
210
1108
1058
719
99
1357
511
723
2219
2096
765
305
296
576
250
237
1661
2463
2195
1998
1333
1830
1105
2192
1166
2485
1707
2262
407
220
770
2349
1560
2562
1120
458
817
1127
2107
996
2070
2100
2524
600
938
1996
172
1703
1869
1741
699
853
552
450
2246
1623
897
1368
419
561
171
1882
597
1783
812
651
1278
100
985
629
2150
1898
958
430
690
1287
2238
2010
759
1507
374
2538
1401
1209
671
1610
1823
946
20
1805
1224
2557
503
2458
487
84
2134
1128
23
2105
2389
418
2427
757
1752
663
1548
655
26
1753
962
1745
2378
761
230
582
1708
1742
857
743
1636
1312
2574
562
1137
1609
1794
1886
118
2511
2559
2184
904
1862
2032
652
2474
1378
804
2221
2588
572
2189
1719
1346
617
236
975
1952
911
1773
2381
649
349
1355
545
1208
983
1226
255
665
2532
1849
2264
2027
260
1572
832
1943
680
73
2155
598
1078
924
1904
2404
371
1055
1167
1542
168
6
2035
2507
622
2057
687
504
222
1925
1385
2385
217
271
1147
1240
1303
1951
717
2329
1519
2254
882
1125
1082
1522
1814
506
386
502
1264
1481
1111
2131
1054
515
2142
1124
1037
1538
225
2583
2202
319
1902
2071
1625
951
1853
1506
1418
1684
420
991
2207
2197
711
949
510
773
2267
616
1263
1006
1550
1710
2242
396
2504
1775
1597
1696
1671
2019
776
1445
844
279
2120
1616
1417
1872
2281
1769
2311
204
1593
2211
1667
758
1215
1052
2580
2403
1372
1061
174
1843
1320
1191
1211
1256
1980
544
1339
1928
856
1389
346
877
1065
1134
602
2358
535
130
2063
1939
332
1285
906
1953
1990
2564
1004
1292
729
1892
1785
363
1641
2343
836
1604
245
2561
13
134
469
2469
1154
1356
1028
76
2298
2362
1837
273
303
696
1694
243
827
2401
283
61
2222
2497
1840
1973
1116
404
742
36
2451
119
359
685
1118
1948
444
2270
2360
1041
324
1386
281
1217
1564
782
635
166
637
1213
1009
223
132
615
609
2111
308
395
60
1239
661
936
1941
209
1117
800
1091
978
1651
2239
626
1383
1026
682
421
482
1624
1876
2346
175
755
471
1747
1351
401
1024
1086
2036
971
1430
1306
1777
1687
1603
793
1563
2364
497
960
2188
2356
447
929
625
49
2098
2015
2079
531
1437
746
206
136
837
1098
892
508
689
434
2551
336
1999
1746
1095
1836
1850
1446
1852
799
2076
62
1803
1988
2495
1580
233
2137
599
2038
1520
1626
1427
645
880
207
1937
1682
28
968
2345
1103
1782
2045
2210
330
2457
2523
1071
1160
1863
1325
1021
2336
1657
1697
1544
2409
277
446
429
1874
180
1673
1524
1811
2124
994
103
1321
1599
940
954
2065
398
1856
1135
2039
473
2110
986
2450
2541
192
474
231
331
1979
1825
356
2223
1692
2116
1505
1129
1765
2233
2483
2387
1712
88
2162
201
1847
1425
555
907
11
1536
693
1144
1918
1600
212
1949
708
2064
1353
1509
1566
480
1343
498
935
928
114
165
2481
2077
388
1366
1033
1547
2212
1640
470
8
280
1022
321
1637
2283
1699
1136
1598
2248
96
1354
1020
2125
2325
1578
695
2433
2303
1261
1831
725
348
1212
1486
1094
2041
293
211
1767
493
264
2489
1754
2539
2367
151
1541
2400
908
2272
66
239
126
1594
1439
993
2226
1485
813
639
110
1415
307
1704
2374
2317
1969
372
1632
537
1977
1968
2009
952
295
1701
2049
111
1251
697
1531
898
1496
1083
2416
2086
1010
438
548
2103
148
1845
2122
1087
920
341
1750
2061
1757
93
2092
1044
1645
640
739
313
1066
767
40
822
1523
805
1171
648
1426
848
491
1236
253
2186
1842
1138
123
1404
160
585
1510
607
1096
259
1258
2165
2148
2484
292
1861
592
1733
178
998
2391
1885
846
1411
467
1930
197
2172
1456
584
618
1189
745
1352
1913
2505
2181
692
888
669
980
2026
596
2468
700
834
2177
41
405
912
1443
2579
135
2244
1788
2577
1152
1432
1919
554
1722
736
129
829
1341
876
1779
1076
373
91
1488
895
2384
256
2488
2473
365
140
2444
2191
1188
2554
1806
2257
1187
2342
557
1716
1922
1653
542
351
2465
1410
705
1975
647
1452
1826
1795
1313
716
1242
2306
847
435
347
1301
987
2051
558
300
149
2280
2340
1654
462
1789
1588
408
1619
227
1944
17
1878
1235
2258
835
22
221
339
578
1780
2273
2046
1674
75
1271
900
1582
1460
1997
2067
2213
2269
417
2438
2585
2182
2206
1371
1289
1373
786
1390
507
21
97
2081
2567
1408
1634
18
605
1965
2526
2247
764
98
1589
1017
1912
440
1045
790
540
560
748
1405
1508
139
2415
724
2502
1286
1181
706
2556
1207
52
2382
845
2395
1107
1559
1686
327
2284
46
1813
1449
788
399
1183
2243
2520
2169
1438
2464
1219
1110
1839
163
410
1192
1966
1940
1075
1832
1605
778
1080
1297
229
890
248
2294
2422
2304
2393
122
1461
1003
1067
810
752
2586
1079
884
2299
646
1088
2297
1956
2332
1620
656
422
1294
2308
1478
2271
1630
499
1879
2423
796
731
1064
914
2459
1375
1577
1738
1959
1284
1934
2167
389
1180
1911
1643
2014
358
1476
146
916
942
191
956
2208
1590
1238
2043
1568
1921
1717
242
2007
2143
2174
2584
1379
1345
1391
2163
1935
433
154
1414
2432
1361
620
735
824
1633
2250
1397
1528
1048
1350
1761
1907
1480
1332
1702
1798
193
1119
918
1833
1910
65
1470
2151
1314
1981
2352
2227
1662
1348
610
852
1680
190
494
249
787
2560
664
1647
1233
771
1399
2052
1516
798
2467
955
1679
143
869
995
621
1971
1854
1382
1469
1121
2563
1269
1497
235
2129
2544
1434
522
117
2101
312
367
1539
1046
1893
325
2420
1514
127
1290
1608
766
1227
1274
1164
854
1900
2565
919
2193
571
432
2344
1394
1801
1571
2434
2521
95
851
2540
1248
484
2072
756
2025
573
988
2048
1883
69
2592
529
662
2496
247
715
1961
2220
865
369
1436
2479
379
489
1441
1639
791
344
2203
1051
923
1552
2218
581
1053
461
2558
1957
997
109
2418
342
1463
7
1525
1358
2338
228
1151
1252
733
1342
1946
1035
1584
768
2245
215
566
59
1223
1068
948
1477
1652
2525
1444
302
415
1412
588
981
244
393
1402
1416
2591
1947
384
519
402
1880
1532
1635
1851
2020
1711
921
1796
1262
2553
1398
2397
917
1565
2472
2570
115
2144
1513
335
551
2388
1786
1403
94
2331
188
485
2216
807
839
825
737
970
1649
1799
291
45
2425
2293
1570
1489
1638
2508
2171
1288
867
2249
886
383
460
1895
1170
1982
1740
141
909
1429
2287
1675
2446
1038
261
1962
1890
2568
1884
1222
240
2286
2093
2106
478
1804
772
957
2492
583
2290
2080
855
1363
1231
1270
534
679
2241
1983
1172
1527
1970
901
1491
272
2549
1776
2002
1214
1387
1413
864
1040
1042
1359
2060
1029
1245
1422
1291
1835
1787
2534
1474
883
741
549
1244
254
267
74
713
1457
1205
1533
1954
2201
2138
1315
1518
2310
819
2205
860
2371
2519
1615
568
298
106
2314
523
630
2044
1665
1500
2279
1195
2587
2200
1250
299
1812
2535
1392
1199
1756
2548
2348
1562
1574
2042
688
1324
1936
1933
2527
394
947
828
195
1280
701
1669
1193
2439
2209
2266
2031
873
2447
1672
1974
1179
218
224
431
953
2589
258
698
1454
2175
1561
2339
1304
803
732
1691
1298
541
161
1316
644
726
1706
915
1204
893
4
1367
1683
984
2231
797
1237
414
1198
1334
1681
2066
2275
2316
2291
2013
357
124
1182
1499
1156
1768
2341
1602
1543
2085
2516
1112
1139
604
1149
2012
930
492
802
553
1015
1766
2530
34
2330
416
182
2305
2278
2089
113
185
2296
2183
1596
2022
2350
2108
1081
2253
972
1099
246
816
2094
1724
1050
1871
1030
1132
439
1553
2059
2029
411
2498
1739
753
992
963
2087
634
128
2411
1175
518
317
2196
2480
744
486
2394
966
806
43
1658
157
1225
2006
315
1607
878
2000
1374
563
1984
1002
2501
1253
1184
2550
738
1072
58
156
334
833
364
660
1049
1450
1576
2494
38
594
183
1995
2322
1586
2517
37
1084
881
1993
453
455
70
2069
2407
265
1090
412
712
1487
406
1259
2456
977
1622
1642
657
1781
345
2470
2295
762
1141
2123
870
82
2595
2256
586
1606
1201
1617
704
1526
167
1989
2351
1376
1178
514
1822
774
1931
1323
550
5
2050
1923
2302
454
2121
1490
1857
1464
1328
1331
1309
2475
181
1698
885
2552
427
35
1728
2037
714
619
879
1440
2095
990
276
428
381
2289
1864
2159
79
2392
2573
297
862
1815
636
1792
1727
899
1834
2309
1393
1337
666
1126
1644
1034
2053
1887
1482
2198
1063
328
2140
653
676
1484
1377
2194
1693
2190
208
1462
894
2001
1751
2008
1074
1591
2575
608
1424
2430
1670
78
1122
1249
477
2414
1210
769
495
2460
1690
1530
1978
2145
1579
25
1097
1501
47
194
282
1012
226
131
1838
199
2133
944
623
2288
133
463
2482
1039
2157
1546
177
1453
1102
526
1762
1915
425
1628
613
1318
913
2522
1736
286
2126
1206
179
1060
456
727
2328
1177
2204
2370
1909
1720
910
591
287
53
189
1162
1631
826
1388
2255
30
2513
120
2017
2003
304
703
1545
874
2335
2
1296
1146
2153
262
1455
322
2160
2235
