1050
1581
1762
1289
1019
2084
2445
288
366
1040
1584
872
1734
10
1920
397
700
776
1927
1653
1125
967
2493
1568
1948
463
1326
2086
1039
903
1589
693
358
2539
741
35
1833
469
1969
1917
1175
1860
59
1166
936
1452
1310
553
101
1132
2047
1675
252
1130
2018
1149
335
420
1882
1067
2094
1305
1344
1091
573
2556
307
1062
1633
1897
2209
2227
2218
1295
990
2146
83
220
684
1399
2436
1819
484
1446
2050
2447
361
2276
1051
417
2364
178
823
320
1936
85
1982
209
1884
524
2497
1069
804
1408
2049
2191
626
1937
1934
2421
2334
1605
135
713
1642
1371
697
734
1236
13
2536
1327
944
1631
1434
2092
1847
1867
1000
2404
2365
552
822
142
932
427
267
2597
1128
2496
1368
2367
1866
898
124
486
2159
1713
1393
394
355
2300
654
1321
1739
1481
1192
560
154
1375
1559
1092
2245
2158
30
1355
502
1480
339
511
586
2114
338
1124
1030
2586
1411
1259
1429
1741
2509
2387
1230
368
501
1180
1167
1206
1787
1137
1552
2519
421
1839
1171
329
927
1813
2363
1852
985
1470
982
1751
2240
674
2229
1390
1825
301
2035
479
2333
226
1767
972
258
1961
19
1624
1697
2070
232
2290
1364
2199
1505
2544
1970
1876
547
88
1285
1873
2067
707
574
743
578
774
374
66
949
714
2008
1907
1431
139
42
1053
45
1925
795
740
1554
779
217
2554
1655
1677
2144
1714
2272
344
2448
1023
960
328
110
2588
1021
2504
739
1539
146
1457
460
191
957
516
2151
1214
2097
1450
223
346
701
1808
673
343
1261
2228
723
598
1294
43
1940
15
324
873
1526
2065
939
1685
1070
2282
1286
470
2506
330
2193
2459
866
1129
1983
11
759
686
1414
1693
2591
1955
787
1822
2508
2168
1330
2230
23
1533
1985
523
1973
2457
2089
2252
1637
2450
1752
1855
115
2127
2487
1024
1623
253
619
1781
1895
1498
736
777
1320
2492
359
205
272
2011
1094
1369
1649
591
1357
1201
1904
1026
77
1994
1165
2085
2567
1346
1459
1541
699
2140
1766
2351
95
243
588
482
1432
685
1210
2361
2186
1093
977
793
2393
485
1796
984
690
991
2547
1337
109
792
1831
1242
1288
1181
1278
755
1504
396
2346
838
1520
1202
2464
1879
363
193
869
282
1759
988
2449
1323
2561
1789
2308
666
141
148
190
2543
847
112
1644
452
928
1545
478
467
26
1798
2019
1035
2452
222
1454
289
938
1473
2026
1547
1641
2204
1954
316
2056
934
1945
310
1383
750
1949
1818
1108
1046
2059
859
107
969
2082
28
1172
2037
465
1638
91
1205
1728
570
858
1801
425
2075
748
1682
1695
2130
2483
971
1770
1924
1387
1993
661
204
583
1189
1963
2213
803
2189
1729
1274
1182
294
709
2355
1535
1117
2141
2423
2335
805
902
2572
261
34
2559
492
2289
1151
1534
1089
1155
1918
2430
1247
1299
2350
782
2153
2224
1816
2178
1462
1222
2568
618
1992
273
1314
300
429
432
1802
1606
345
1952
274
920
16
1965
1956
2033
724
2356
2223
1841
854
1640
1101
1191
745
679
192
506
218
331
2221
1715
2184
1178
1747
1154
2055
1681
682
791
1484
2388
1195
52
1456
1896
765
785
1143
1293
262
1546
315
1307
504
1604
918
2237
1428
1858
1200
2331
853
2017
2058
1098
1112
121
269
1769
242
38
1159
845
1391
2475
1013
268
505
767
997
1592
2120
1011
1203
419
365
155
529
1136
2542
2244
2009
808
212
138
1095
2046
1096
1440
526
497
1602
1743
2422
106
995
2429
116
943
2121
2426
168
2269
2418
1889
1850
1567
1794
863
2190
1612
1738
1423
712
2142
1301
544
585
694
1654
718
471
2408
2555
1315
2208
844
120
6
940
2380
1629
763
2427
1667
1662
2377
1694
820
607
2118
2275
1377
1
2463
664
1109
2458
1689
104
1234
319
2148
1057
646
1410
1184
279
1877
1012
2337
880
449
1980
1489
1406
1318
1842
2546
1365
2233
1878
1403
1306
196
726
1503
206
1745
571
826
1465
1113
1957
2352
800
1947
2225
698
917
877
1932
1243
2283
611
1646
236
72
2302
2068
93
663
399
322
2575
2512
634
490
1342
1131
1678
297
122
153
633
1531
2470
616
813
8
1749
1022
2185
884
539
2372
163
966
1521
1857
1058
935
764
790
446
998
480
2476
166
2522
760
181
325
1208
2241
302
2310
2029
2562
283
167
1990
911
1226
388
415
881
688
720
380
431
1162
1421
756
2167
1282
1458
381
1978
1815
2243
1761
1253
2116
317
1702
994
1264
1725
1657
270
2194
2161
2451
1708
2349
520
577
696
925
2147
1209
1303
2322
584
2484
308
2533
1468
1835
2031
1379
951
527
2078
2138
1354
1887
2304
400
1376
1316
2166
692
1720
2571
1227
428
768
1438
249
1786
2006
498
2598
2375
2498
2482
1528
1268
1868
818
2271
1894
2580
2416
1115
1836
67
1888
1853
448
311
1856
2407
909
1518
1409
1276
965
612
90
1359
1647
975
1829
185
224
2499
1864
2205
1034
1479
1220
2239
2563
2028
630
483
1636
1010
373
1059
2117
2405
2015
563
75
754
600
1395
659
1477
128
2287
1588
184
762
596
730
17
778
649
4
533
313
824
989
1049
1551
628
295
631
1223
457
662
1953
1045
2279
641
878
22
2298
1199
1385
284
2248
592
738
517
1076
1709
264
376
256
1054
221
609
510
99
1659
1700
2250
2164
2589
555
1832
2344
2540
1329
228
2263
1238
883
382
2257
372
2573
383
2016
342
1436
2256
1807
367
2270
1674
948
1016
549
1497
149
1848
1610
1875
811
1381
2090
2160
1160
32
76
2108
21
638
450
1107
973
708
2111
2510
63
1116
2437
1524
2444
1083
1197
1074
1971
357
334
1797
1586
2170
493
1951
2020
1296
924
2453
405
2034
905
327
39
2403
727
1471
1433
51
1396
2593
1849
151
422
1325
125
2061
1530
117
2432
468
2417
1025
677
2392
1814
2080
753
1417
603
1174
557
2297
1435
857
2124
1906
309
2043
1056
2296
1837
650
500
2278
667
1843
1601
2211
2411
798
2440
2362
299
562
1265
259
1892
648
2441
2511
801
945
786
349
2226
1506
337
717
2357
1862
976
1928
1874
2236
1871
1304
1724
537
1652
2527
1333
2215
456
424
789
2309
2150
2036
1522
255
1563
1297
2317
1684
2454
1073
2192
1082
579
2415
1756
1240
1372
1900
519
387
621
518
1469
2412
1628
407
2419
2394
2128
1193
1705
1788
1806
442
1544
590
1183
384
1179
103
543
350
1037
2002
1793
1018
1933
187
2330
362
2443
33
876
71
1036
1404
749
1916
1870
1038
1565
1031
2025
2316
1312
1672
56
550
41
2378
1389
2012
1251
2525
627
1161
904
1626
260
2461
802
1717
1619
49
1145
865
113
729
1536
1453
1771
2100
2152
238
2203
1615
462
202
867
1401
2420
189
454
1564
1556
1215
799
1668
31
842
2202
978
2253
2460
271
1275
879
80
2471
731
1986
2098
2321
136
775
1486
589
1348
1425
870
617
2596
369
156
2101
2176
1834
1997
96
1474
447
1269
1943
2560
453
1005
807
1748
1332
79
1772
812
2552
2214
126
2324
2174
1033
164
2599
1782
25
658
348
2187
81
509
1744
1721
199
1319
2518
364
2495
2489
2318
385
351
1499
2425
2523
1102
98
831
2339
623
1006
645
2576
0
1966
150
1562
1880
2428
704
2399
970
1931
1047
1981
1262
194
1472
100
1146
1820
541
1373
1824
2262
170
1622
1661
1670
1608
916
2587
2044
1292
613
1407
893
472
1072
1476
1380
200
2087
1280
2030
48
186
1156
551
1673
874
102
1427
2197
2171
2325
1114
1607
1826
227
1252
1164
1187
1135
78
2368
672
1627
266
656
161
1349
614
683
1984
1763
172
2303
1988
691
1232
1599
131
2545
2081
2179
819
1502
2535
430
1110
2433
640
2564
408
2173
1150
1386
2072
2528
1090
1216
70
952
1799
1519
1384
816
769
653
435
230
1800
825
772
2315
817
216
1370
1361
1977
1466
1950
852
771
735
1345
2216
890
1754
379
2027
2103
1784
1550
201
1979
2480
2312
981
2196
1683
386
1133
1060
1277
1394
744
2079
580
1139
2434
841
2550
298
565
780
2502
1587
719
165
1177
2473
2409
473
710
2521
2003
929
2131
1590
856
2386
2438
1537
610
114
340
1029
1397
235
913
540
1260
1676
642
347
2083
1168
1309
2198
829
828
1618
1084
277
655
1121
1311
250
105
451
378
2520
1645
2439
147
531
246
1317
891
1777
455
1080
1229
137
1765
2488
1740
2052
285
921
1512
73
1779
2435
1367
512
491
1511
336
953
89
1732
1688
37
2039
2478
1353
2288
2073
1322
1119
1002
1560
1810
2129
1211
1785
1196
2323
1233
2582
1017
2132
2207
1378
668
2274
1152
2136
1331
2338
1516
2579
1908
403
2376
538
1529
1157
58
188
1899
2569
806
1279
1400
2004
1495
1463
1448
912
1679
1942
2534
1944
1890
1106
2532
2066
1302
2181
494
434
69
2401
1648
1851
1061
1854
2467
761
1065
1190
923
489
1077
1719
499
2154
169
810
29
2254
1291
665
1555
514
569
1583
897
1595
2353
1830
1840
1271
635
961
974
2110
546
593
477
711
1442
2347
827
1068
568
111
74
2570
835
2583
2210
636
2104
643
496
1613
1449
1104
601
1844
239
1055
624
2592
2273
173
1015
1244
2155
946
915
1597
1335
1444
2149
286
2389
1935
1507
1859
2595
292
1630
171
1812
1362
2137
1778
1791
1691
1898
2442
1845
2255
1336
2077
183
1245
1726
2063
2462
722
2053
1341
244
2531
507
1148
979
304
50
2345
1313
305
411
2327
1382
1573
119
5
2277
1910
2232
747
2398
2069
458
53
1493
752
1698
144
291
637
906
2156
848
1699
20
356
1656
1241
82
389
2062
1706
414
1929
1553
1557
622
214
2336
2212
14
525
1424
1398
1176
208
437
595
947
629
1455
87
1088
370
375
1804
1186
955
1566
2342
604
1483
1775
293
466
2385
402
2180
401
64
1579
1445
1869
1422
705
2359
263
732
1999
821
862
959
341
1032
2091
2259
1225
2524
1902
1998
561
2234
1494
1287
941
689
2516
2123
393
2551
2000
1366
1426
1938
195
2293
488
2217
1207
1665
1758
2099
1099
1574
1043
2265
281
1272
1790
1828
687
2032
2145
644
962
1580
1501
390
132
2565
233
1281
896
725
321
2594
441
2165
215
2219
702
1134
495
1578
287
1575
1572
899
2406
265
2235
248
1257
1542
254
983
2391
2126
851
1363
1028
1412
1328
2102
1138
2051
2007
1163
1746
1158
84
275
2326
2465
1437
1611
1750
703
1044
1663
1991
2134
1066
2014
582
123
1914
2402
1639
1666
2413
1561
2456
1075
210
1441
2042
2526
986
1600
1783
182
1919
2468
2299
958
657
1975
1347
1774
2054
2001
1570
306
2088
1300
2481
92
2267
651
426
2247
545
2182
2311
2177
1374
2529
2455
476
1817
908
1485
1254
2064
1490
1625
1482
716
1755
695
241
2574
846
660
251
1960
885
1419
1525
2183
2370
2119
2313
1701
1596
2268
2125
1585
1768
2383
2057
1217
1267
278
615
1413
2107
1538
1863
1248
7
1733
1967
240
197
2578
404
1594
882
1415
1930
1430
439
1905
894
1213
1120
2314
2517
1838
36
2307
1204
1811
2358
1692
1886
1616
1087
2585
44
2013
1235
157
1250
444
1475
2332
1079
1996
1447
314
352
2466
2143
680
1273
942
257
1103
1540
1923
2549
2106
980
1343
290
1593
2286
1052
1263
2023
1027
566
1487
2
1735
1218
129
1048
1071
1921
1926
1284
999
773
1221
179
919
1976
1959
2074
1147
1188
1958
1127
2285
2320
1617
1492
964
2157
2410
1718
2395
2060
1865
1571
1603
594
2329
2379
1913
910
409
1632
1968
61
9
733
676
2530
1780
237
855
140
1212
1962
536
843
353
1360
1723
1827
1939
513
1972
108
2264
1760
605
2507
2306
1008
2381
1256
864
175
1722
956
2340
1909
47
2206
892
922
888
94
1451
746
326
1809
360
1736
1270
861
2366
2231
2400
162
2200
606
1255
1598
1651
647
1122
1903
12
2431
1915
464
1737
1946
1078
2242
1515
1764
1340
134
1776
2360
145
837
1621
963
62
2260
757
1500
276
1173
2139
2581
2045
1704
742
2163
886
213
323
127
1356
1467
926
280
2305
1881
572
443
728
1716
1671
576
211
2553
542
40
2292
2301
219
1100
931
2369
2133
2537
532
1591
715
55
1194
992
625
871
797
950
2040
231
2538
608
2390
770
2195
440
395
1266
1742
2172
1258
758
2566
1416
60
2024
993
2373
968
671
86
229
2021
900
620
1508
54
1576
1126
1680
1144
1298
2500
2513
832
2220
1614
1911
2266
438
914
481
678
599
371
1461
1388
2557
1488
1609
781
459
737
1514
1731
2010
1170
1861
784
2491
461
794
1420
1517
2328
152
632
766
312
160
996
133
1042
1352
1496
118
751
2294
849
930
416
1669
1219
1987
839
2105
1703
2319
174
3
1885
814
1198
2093
1140
2397
2515
1478
1664
