254
1261
551
1002
603
1179
1133
957
372
1782
343
2237
1086
1774
643
756
2010
174
1098
2291
1847
2053
189
1375
445
1506
1254
183
735
2095
583
1530
1891
186
2178
2446
898
123
813
717
548
1759
1109
766
1312
2583
836
2351
977
1869
322
2589
303
2321
36
1744
2499
1867
1610
1335
2194
2104
344
1978
413
291
2014
1692
1371
1736
1419
2314
1731
418
278
1440
473
830
1912
1105
1151
1956
506
2306
391
1516
331
127
168
541
1558
1237
794
1256
1563
522
63
1747
1251
417
1424
2568
2480
1600
1959
791
1707
819
1080
453
2484
2058
2295
753
229
1714
1871
2122
2313
234
748
72
1479
786
779
1779
260
2146
1288
892
2193
1346
292
3
1040
1064
2367
932
392
1246
1155
1824
1688
884
2342
810
2459
1749
2316
2410
1833
1357
2442
1049
2073
1071
2397
1393
2226
1963
1990
719
1102
2491
631
1612
2331
305
1754
2424
1515
2360
1624
26
826
2399
2276
2141
2372
2200
684
2191
1271
1999
2404
1984
328
100
1657
1391
2340
2149
2299
398
28
1775
35
1971
219
442
1943
178
2130
516
382
1275
1423
609
1229
2558
600
1276
1439
828
373
503
2454
758
1400
1160
2303
79
532
675
790
158
2260
1670
1590
2182
1715
900
2027
1462
803
585
893
451
1415
1653
634
2302
500
913
1860
1899
111
1125
131
2422
1785
108
487
199
2508
802
2083
923
2443
2437
1955
1457
1643
314
336
267
625
2512
403
1382
2323
2037
13
611
2223
455
1812
2391
1052
1104
1581
2239
462
141
1243
387
2082
1426
724
2033
1633
2013
1495
925
2505
1327
1059
1014
982
2569
978
1614
369
761
1480
2570
1343
708
101
971
368
1967
868
1187
1898
705
484
1139
770
65
2135
388
1609
232
345
1431
2465
821
1900
1259
2535
2242
870
905
15
2206
566
76
2488
1128
2329
592
626
1117
718
682
352
2092
739
461
1799
956
2460
2044
1349
401
707
269
1463
2555
1700
849
833
1100
2387
1451
2344
1638
2398
1855
1651
649
1950
24
2162
1796
2089
2098
1705
86
2513
2541
2220
1491
577
2547
426
1267
2296
1260
1962
2196
2281
2062
1337
173
2455
1266
1203
1509
1087
1547
1907
781
1417
1291
1746
980
1252
2544
2105
1364
1508
767
1008
1687
1171
2393
210
190
33
2402
2109
1061
1387
549
1821
2100
1562
214
1741
1370
871
2417
1407
290
1647
1412
2350
181
1488
1331
1936
1534
2591
984
1081
2039
2253
2598
1004
642
2526
710
153
2596
454
2310
1350
1290
456
1342
1135
2029
471
206
363
1351
1053
1698
1168
1174
2280
1303
2315
1058
1628
2468
447
1737
1605
81
588
514
1380
1118
1933
1750
385
973
1981
225
1683
1503
2560
2054
547
275
1511
1805
2251
517
1969
1944
1807
2126
1973
2024
959
1573
938
272
798
2553
2348
1019
574
1214
1888
266
1848
458
157
915
1082
1585
390
2284
1549
1662
1859
2227
1362
1097
901
508
536
820
1863
943
430
384
515
2322
2160
1295
2532
1323
246
1709
701
1751
263
2189
1665
253
1664
1390
1648
832
498
1048
599
1814
288
1743
539
1505
825
608
351
654
687
1470
196
983
125
1201
1599
477
1528
2074
1583
2431
2102
872
587
137
636
2170
1878
1889
1818
936
2343
1861
1433
850
356
84
1635
2517
486
93
640
1815
1015
395
546
2131
1339
2458
2230
1289
1571
2187
567
25
1216
1960
2301
2346
2543
1340
834
733
843
818
1447
1018
1689
1028
1406
2049
1224
170
1353
397
2401
1060
281
866
75
1998
1669
2433
1667
139
1455
182
1831
544
1099
2218
42
46
1739
169
806
2134
1299
1416
1106
1420
728
410
1428
1396
1730
653
1560
215
1946
107
301
211
411
1319
179
2366
2011
1548
697
1231
2599
2575
483
947
555
2091
1270
1897
2174
601
399
586
554
1740
1090
113
2328
1979
2438
1629
783
92
966
754
1272
2311
1287
2463
1841
293
624
1055
722
194
1572
1958
652
1057
274
964
1607
2077
1849
989
589
1555
265
90
2164
1928
1806
106
2546
152
1716
162
2254
2042
714
904
501
1363
259
2359
208
2171
482
618
1646
952
497
1450
2000
2594
1226
641
469
1322
1622
171
1247
2501
2222
1116
847
2204
846
1753
2325
1472
2203
569
383
370
2236
1616
1997
723
1355
1533
1114
491
2001
2263
2275
323
2117
1719
1041
2319
1336
1920
864
2151
673
294
2551
70
2255
1021
1241
2324
2473
1379
2038
2185
285
495
2139
337
619
2486
310
1207
1564
616
596
2456
209
529
163
540
1758
2248
1983
2154
1772
1712
359
1029
1154
2244
1586
128
1434
1385
1078
944
1137
1242
2312
96
2270
1781
1274
1454
785
1901
1148
1808
1315
1009
2400
2020
325
227
1156
452
2052
1300
1857
1757
1789
1073
740
1680
1467
1245
1908
349
509
967
2479
2136
1221
1640
48
2128
1129
228
400
282
1122
2392
1262
361
2333
2123
2026
71
132
1012
2413
1663
1966
865
424
69
528
1510
615
2478
1820
2476
1619
2445
1376
1311
1620
2516
1068
2345
1284
2578
422
1621
146
1248
656
1702
1307
1373
1802
665
1206
2390
2379
419
842
360
1157
433
594
709
1703
436
889
1024
83
579
987
1965
2156
2451
2269
991
1095
1970
2279
880
2017
1631
148
732
307
2492
2415
1217
2548
890
11
160
1017
377
1886
1493
2229
2180
2528
1233
752
1788
689
2374
1011
1212
1985
860
2298
432
963
2096
1591
1913
2155
812
1513
1460
2121
2234
1575
198
2103
1069
321
2176
1404
2059
968
887
1776
2572
91
7
731
1220
306
1292
1649
598
1902
318
1149
1215
2115
2304
2552
2215
706
326
777
2247
1115
918
1568
775
1602
1996
1671
268
1377
2496
1388
1067
2554
2457
61
348
1980
1150
1529
2356
1982
374
327
537
1877
2172
1904
2474
524
2370
2246
1961
135
513
2268
2369
1915
2161
538
221
2504
1598
5
2067
1000
279
54
1435
1070
1452
648
1134
1850
877
1239
1518
623
217
237
2252
1063
2461
663
2355
883
841
2129
2208
2110
2272
1842
2559
1952
354
1910
1685
745
2349
1701
1935
1175
931
1986
1056
2308
671
2405
2158
1481
1469
2452
2051
1566
298
999
2290
759
2266
2414
2045
2565
1494
1535
2209
2143
1153
2335
2540
1123
1875
1194
439
94
2530
751
1617
300
1927
55
2362
1813
1615
885
45
2522
2211
1365
324
41
1550
505
730
1611
235
406
1180
2510
1939
1446
1639
1718
2080
204
1697
1432
2274
507
727
1706
1543
857
1445
62
1408
677
699
1263
1236
2396
1126
1732
16
2152
1603
2577
1797
1443
1147
604
1211
243
1578
2581
440
286
1594
1953
2338
1107
1051
1006
1627
304
1694
1240
1413
264
2228
1320
1786
250
1870
1626
140
2419
1949
273
1191
1145
590
428
1866
2137
1832
570
1306
334
1704
1672
2
1525
1091
1854
297
2046
837
1717
782
2423
912
404
434
2167
814
1437
1196
661
489
2556
50
606
1023
2580
2112
1771
839
1208
1305
202
2245
2347
873
2418
1199
185
1352
1840
1937
1222
1062
335
628
149
1644
441
1111
712
2515
939
271
1384
1975
674
1798
1872
1811
1037
1131
1496
339
2336
85
2181
2124
312
2119
1520
1490
863
435
2108
1140
409
2337
1398
1618
2444
1868
1297
2576
2466
57
443
248
1403
1742
2016
1636
1464
1675
597
1903
2490
1213
1606
1425
39
1293
1077
1537
768
630
316
2006
945
700
1883
1748
457
1244
366
1205
257
919
1075
808
521
2106
1727
242
895
1341
1977
240
200
1265
1885
1625
721
463
2368
470
563
380
1401
1710
607
2375
2427
702
56
2023
2588
2590
121
1186
647
986
911
130
1234
394
575
1338
1310
2004
917
1829
1843
545
474
1923
639
262
1092
95
2327
906
1527
1046
1654
1577
2216
87
341
2111
827
192
1166
557
2352
231
1103
1473
1294
1810
195
1044
2249
1652
309
764
1332
1696
2085
118
1316
172
1468
126
525
2099
1526
143
1013
1582
886
289
103
1146
972
1227
1816
416
197
2047
2212
193
2425
2585
124
998
1951
224
1588
1279
879
2235
1801
1827
2183
897
184
1974
151
2267
2358
249
1088
620
2271
762
255
1476
2285
1172
792
1540
2493
993
2365
1255
2326
1372
134
154
2545
2364
1358
755
1838
1185
476
2278
743
1565
2125
167
1794
1845
2241
1766
114
1344
1858
1693
159
2428
1232
920
1755
778
747
1427
568
578
1557
412
460
2542
2477
2584
1846
448
789
1589
2205
2497
1124
1033
1895
1016
1932
2144
1532
1399
1761
502
2221
2426
362
926
116
1916
1054
1993
1188
941
992
1219
2186
845
698
2192
156
2462
1152
797
47
1882
729
2518
531
2086
1922
129
1486
10
1722
572
668
1283
542
1536
1119
1165
2277
102
1389
1894
1613
894
2307
1976
1182
330
1931
43
1079
2219
896
2470
1204
1947
1031
2520
1264
218
2440
1386
1522
2339
2288
2407
741
431
2028
1686
1673
2386
2527
1202
30
1142
2116
1200
2031
2574
405
450
979
1482
1281
899
1576
1453
1836
784
1764
1542
738
155
213
1545
2250
2019
2041
1477
1655
1994
1881
1752
2197
2040
1170
622
1366
1164
580
1159
1112
2003
1865
480
105
573
492
1942
2078
386
2453
2070
2088
934
2210
725
437
2357
1957
823
2549
2383
1045
74
660
927
252
942
166
104
236
2094
1768
571
2157
1906
1608
928
1369
1043
2571
216
499
1360
2265
2563
922
2483
2435
59
29
1661
2389
527
1988
530
1668
2012
2449
1634
1089
565
1132
875
2264
201
848
311
2536
402
2232
2114
1436
844
119
1026
835
692
1541
1084
1127
1809
2163
995
1911
2165
2081
2524
2395
2118
1456
711
2371
1632
780
2034
1074
393
811
1792
1065
2177
997
1896
1711
420
1039
564
150
1347
1458
1760
2207
788
1989
1825
490
617
2009
1277
1826
1249
1507
365
595
1800
562
691
2597
1637
771
1474
1890
1708
859
1010
2384
364
472
2231
951
1169
2188
2048
553
2145
621
2043
1193
1597
175
2557
2489
338
1167
2373
1795
840
613
438
1405
1803
2259
1500
1411
1987
1318
638
2079
295
2388
1173
1210
23
1551
1834
1721
239
1728
1681
2002
1317
80
1873
1367
861
888
693
1422
2495
1735
2506
1773
1514
1178
299
2261
1553
89
2567
763
2056
829
32
1561
635
974
1003
161
996
1268
1285
902
1465
2587
953
31
1273
2538
233
776
1720
251
1504
910
1130
1141
2224
1301
1328
2064
44
467
1864
2450
58
493
98
930
389
2076
346
750
258
2201
852
970
2057
2300
1893
612
358
1007
2429
2257
1723
1954
2101
2409
329
504
2494
277
686
1345
787
716
1499
1329
678
736
2564
985
2595
955
856
1038
576
696
207
2377
1471
375
1047
1995
1852
2411
1144
1745
908
2334
1158
2173
795
9
909
1421
2502
558
466
690
2305
1623
2475
1192
929
2472
749
1309
1397
1181
907
1519
1304
935
1374
1348
1030
2113
2318
481
1738
1887
180
1093
1035
2199
2282
676
990
523
2072
421
2341
0
2593
4
946
1189
807
681
1660
1876
188
746
1851
1034
1804
1298
1359
669
726
1020
2238
1517
765
512
2055
862
1642
2412
464
1713
801
2566
8
1325
1770
2482
496
2509
1968
367
147
1919
427
6
921
1230
20
961
2573
685
77
2293
2030
1777
2471
2169
2562
145
799
1784
2294
816
543
1143
1313
556
605
120
2330
646
1354
1917
658
459
1823
1050
593
494
2168
1584
1485
2533
550
949
1554
284
1257
664
703
1839
867
1756
2434
68
2408
2273
2036
657
533
38
1076
1879
52
1691
376
815
2008
296
2441
1409
203
2378
1793
1383
2309
371
1502
2063
511
2032
2447
2140
1556
1941
2531
1674
1546
1762
666
2381
64
614
1330
165
1767
1120
526
17
117
720
2592
1992
332
853
627
1828
1656
610
1678
1497
1258
2283
744
283
247
1
769
1314
2127
1113
2525
760
903
1501
662
1630
772
1991
1569
962
1650
1934
245
2420
2439
2214
2184
2514
2022
1333
2005
994
1880
1601
1791
881
261
1136
378
1837
510
1580
2586
1096
1948
1587
2436
1658
916
1570
582
1101
981
34
2380
679
1296
1531
1593
1072
468
683
256
869
222
379
2287
2050
2166
2498
561
37
773
1929
97
924
1769
270
2448
423
796
737
2421
2534
2403
276
99
313
122
1308
2507
2021
1884
1684
2025
659
2320
350
2035
969
1223
485
177
1498
133
1659
976
2018
954
1733
429
1466
1250
287
805
1682
1449
1645
1209
2487
1964
734
1324
1905
425
2523
415
882
2097
2065
1972
2120
53
1197
1690
1938
519
407
2233
958
891
191
1395
1361
1163
672
1410
552
2432
226
223
1695
1286
1783
2481
1444
1280
559
793
2150
1765
1930
1027
534
2354
1523
965
1402
1604
73
876
1161
2159
2132
1874
1110
449
136
2213
1853
1909
645
2069
1595
2138
317
51
637
1921
1414
1441
1489
60
1278
2198
2142
1819
1392
408
1567
1856
