2099
1264
2142
447
1560
2213
2346
989
1077
2215
1895
1259
2572
1397
892
1992
67
1620
1879
14
1387
1382
1669
2354
83
2400
313
1006
946
555
1597
596
1276
1740
225
942
1860
1217
597
1561
1949
794
7
2069
1871
1111
884
1670
1202
2574
929
428
82
2226
906
900
485
1263
1352
1733
1065
1292
379
2357
2281
1910
2323
2312
123
2005
1063
768
484
607
267
1569
1645
2190
2496
1429
536
1600
2120
1966
1961
1199
314
1774
1428
2170
1758
1078
562
2498
2577
1633
112
321
1490
2146
911
1776
2139
1252
1157
604
2444
2068
624
2392
777
2242
309
1798
524
134
997
184
659
1877
770
610
198
1211
2483
11
2581
739
480
401
350
800
1376
1565
138
35
621
99
1738
1227
1192
1857
1431
812
1689
1577
1119
1356
1232
922
622
2380
1780
615
2222
1041
1935
1898
2556
990
413
301
1021
939
109
2347
998
2220
281
1283
265
478
2199
875
1930
695
619
662
189
1303
593
72
2402
1510
854
2143
394
2567
2148
1778
2019
1237
2475
583
403
2429
1533
157
1579
1792
122
2352
1971
1104
2401
2087
793
2244
1286
2039
1314
1983
2023
832
976
2228
405
1188
2275
924
664
1855
535
1659
2231
1173
1899
1362
851
584
916
1754
1008
1514
506
2579
2260
1896
315
1755
1279
896
2304
1946
244
439
1010
1075
1209
1977
453
8
2468
945
2490
890
1121
2344
312
2092
1277
2301
1571
500
2147
2576
1206
2267
1417
397
1030
1343
1908
1917
827
2376
1793
1059
1568
1135
365
2484
2053
218
57
2418
2276
2055
28
644
2245
530
1214
1870
1522
2177
754
1767
1811
2419
1201
185
2531
1753
1046
852
386
2006
1326
1500
240
331
2389
2065
148
1426
2464
279
557
2192
1269
1341
2506
178
2503
1129
1781
1686
910
2582
609
1630
38
1711
1853
3
211
76
1549
856
1610
276
2102
2078
2555
1817
857
2194
1322
657
2557
1366
2425
250
1687
704
1349
1916
546
1204
1374
2048
1557
967
1786
2411
620
1072
310
1055
520
2279
1249
2549
1461
1433
613
1601
661
1400
2052
456
1872
1163
2443
433
807
129
367
2125
1933
1305
1358
2568
1883
727
671
302
1311
44
228
1034
363
2319
231
2154
110
142
1406
850
62
722
1878
152
25
380
238
166
214
2529
1182
1699
1602
2211
2119
2132
1084
773
113
965
2042
1904
2037
2542
1674
1641
354
2241
286
300
1039
108
2387
160
121
2189
1688
632
1504
1465
1113
226
2306
2296
1673
1172
1485
2318
1407
1845
988
104
164
1677
1258
2122
232
1875
1838
804
956
1149
2178
2108
1340
902
2343
101
15
1009
2360
1320
1125
288
390
2351
2426
2499
1221
2074
1556
1087
1062
904
814
80
895
1591
141
1833
2371
1388
974
2293
881
1158
1963
150
177
1816
1295
560
2081
693
52
2545
6
1024
2082
783
2216
262
1550
1625
918
1849
1460
1238
1448
1050
1954
763
2560
729
1452
227
580
70
2358
155
2011
1720
692
337
2287
1886
1965
1456
813
2469
830
2156
1319
1724
1540
2050
1563
2256
1043
1828
1940
1416
603
1159
498
1367
2013
639
1804
2155
126
306
2137
1089
1675
2535
373
1124
2286
1969
866
135
697
2045
419
2463
40
719
723
2420
285
1976
1229
2391
2000
949
759
26
574
2509
2472
1960
1629
125
992
623
2234
569
627
1462
297
1016
1546
2477
1350
836
1529
2592
291
819
1843
1647
1705
1694
665
548
2570
995
772
2495
518
953
2478
1587
1310
863
2417
1751
69
1873
147
2271
617
1131
853
1918
1797
1126
47
1874
1467
1265
1054
2492
1312
1512
1106
1964
869
2233
1713
1290
426
702
1667
2185
1693
139
1834
634
1614
1841
2221
968
2455
1732
378
561
980
2489
2103
1691
2532
1338
9
2208
1974
174
1856
245
1515
831
1476
1088
872
1219
1925
680
879
701
516
440
294
1449
2317
2324
425
925
2028
1389
2150
170
1215
1473
2163
541
156
675
2537
1170
1014
1572
792
362
222
2237
2289
1993
436
2174
1554
1752
716
304
750
1661
2239
1700
1424
2500
2413
2470
1542
1064
640
2482
1329
2075
249
2559
1399
455
2109
107
2315
1489
720
2229
17
1197
586
2193
865
996
1114
540
821
2309
1425
1307
1110
2405
2375
1580
2348
786
145
2456
430
732
1901
1680
1342
656
372
2372
1053
1830
338
1105
23
2481
366
2513
2588
1218
2562
143
2382
1914
330
326
1582
194
2338
458
27
278
2196
1195
1233
1791
2232
388
284
2292
2070
1120
970
71
446
1444
1626
1818
971
215
2056
1410
2250
1506
861
68
2320
256
1339
376
407
525
348
2504
2264
1344
886
2550
264
2373
1822
1435
1499
928
2002
2118
845
736
2566
1268
457
96
628
577
721
2089
1518
1251
2261
271
1437
612
1521
944
1957
1475
1184
1658
1802
219
1420
1439
1288
1892
229
1709
1363
933
1488
1234
438
1999
564
1413
1574
408
1951
1300
2298
1479
116
527
594
1040
1403
2551
1962
2031
1317
2258
236
611
102
2307
2313
1863
1101
2121
1122
501
1934
1272
2079
703
1973
1421
1643
842
1404
1240
587
2152
1281
1616
1351
454
341
2370
909
2422
2020
437
316
1198
311
1345
1378
1236
1190
51
1357
1524
1141
161
746
2459
999
1266
1469
2227
1235
295
2131
943
1775
1564
1846
599
2584
2290
2431
859
1537
2277
1663
1885
2113
1819
1212
1037
1070
2210
824
1575
2285
358
2364
2269
1632
2367
1278
2284
1646
32
410
412
351
2051
947
1355
1756
1865
2160
1790
2508
477
169
581
542
119
734
49
487
319
2440
537
1250
1427
1941
1207
1650
257
197
499
510
2159
1492
1306
2523
858
789
120
676
1710
172
696
742
1471
1441
471
489
1800
1107
1866
1730
1450
937
1302
682
461
1619
1316
472
2356
1028
2596
1622
1185
2038
463
180
1829
1736
637
2512
1923
469
1894
1086
417
1656
1468
423
1789
1984
482
1527
2553
1133
655
1455
1747
127
2251
556
384
1731
268
600
1315
58
466
303
2129
1850
1746
1019
21
213
1080
1117
1443
1430
1325
1684
2381
1942
1887
387
1567
2262
1501
1827
370
677
1721
1011
111
1657
153
930
785
263
2240
935
2205
779
2427
753
468
1662
2302
806
2547
1
1742
2515
2311
660
730
2179
1293
1156
1415
418
2407
1799
1538
711
1644
1989
124
678
566
2394
2091
336
2378
782
1528
1690
1246
848
700
2379
1099
2386
790
963
1668
1029
1609
324
1091
964
66
136
2252
1057
775
1519
1766
2111
2043
1061
2138
242
2104
2036
1551
94
235
1716
760
919
1837
521
1671
908
558
165
1773
1763
2432
340
1147
1390
1484
1507
269
913
128
2049
2467
2349
993
2520
1807
2021
2175
1036
59
1927
1153
349
1392
2140
1003
1027
985
1824
958
801
1944
1578
1379
1653
2435
1230
576
182
1493
77
2270
849
1718
1636
22
2369
1145
1655
1001
91
873
2437
1842
396
1241
2047
2534
1254
475
1921
1154
1552
1402
431
266
670
355
1795
368
1696
568
646
1411
2107
175
559
1897
1180
1796
1391
2448
567
1497
570
1085
699
1035
871
2076
55
2587
2514
1698
1702
2007
2025
1803
2445
2151
1967
1808
2355
1398
2353
2044
334
883
1815
1375
791
2197
1679
2527
2308
1823
53
1516
1359
280
2123
2253
920
1481
1183
1782
1618
2166
19
2004
2561
1759
1762
1486
168
483
710
2453
1891
642
2539
2225
1222
829
608
1093
705
204
673
2414
1020
2502
13
237
650
2114
1950
1905
1998
2583
290
323
328
361
1985
741
1836
938
424
1911
2398
1541
2589
1840
2331
1995
847
1634
2255
2473
1785
118
1436
183
685
2521
2003
950
4
398
199
42
1196
726
1132
2528
1313
2001
2094
78
1112
638
202
2511
833
1245
1405
1826
287
1772
476
1682
1291
601
1953
1947
579
1505
550
941
1573
1628
43
2345
984
840
2095
1308
2018
88
1902
1502
860
1532
1813
795
1478
1749
1048
1242
1638
2365
1745
2341
2408
1664
762
1224
1586
1715
2447
864
1318
1820
1520
798
2088
590
1764
636
1496
1695
1704
1606
75
2084
2162
1328
2536
2488
207
2187
492
16
1692
1968
2209
2330
81
1134
1862
451
1869
1200
347
488
2597
2218
838
1038
724
1370
1585
2384
735
616
932
991
2310
828
1509
691
554
1231
1996
2207
2543
1482
1384
2533
2430
479
1270
952
1623
1033
84
517
2029
1304
1044
224
272
391
1523
951
618
2106
462
1025
1166
1666
389
1067
978
2390
571
241
1825
1757
115
1225
486
2544
359
146
2595
2058
1076
1624
1472
547
327
2442
585
1002
2340
1652
981
1247
1360
2168
1177
1458
983
317
743
1103
1176
1639
1882
805
1581
203
513
1058
2314
61
2008
2441
1466
1861
36
802
766
917
2141
747
167
1477
1160
898
737
1640
1503
20
835
1654
1922
1074
940
420
1261
2474
159
531
2165
1858
24
345
1333
2238
381
504
1631
1440
1987
2517
221
2030
1810
2217
1912
1769
592
2212
1353
260
1570
1174
2573
1396
897
2059
1761
2362
2071
2552
1980
2487
2439
582
2064
46
1368
713
450
282
2466
2393
2451
715
2428
339
708
526
1143
2297
1381
1770
505
192
205
1273
1446
1531
1868
653
1956
201
774
2295
1445
1909
1175
1155
158
626
2181
1548
1539
1454
1779
343
2458
1116
2115
1848
2326
2204
565
758
690
1354
220
529
1459
2494
490
2404
1835
1547
1178
1260
2105
1932
449
823
1920
117
2257
1066
85
181
1414
706
528
2423
212
1128
1171
252
2339
1409
867
1562
1457
2454
2259
1729
1336
744
803
2433
796
481
954
95
2507
2249
507
371
2565
2200
2325
1483
329
1408
2598
247
2526
1208
1451
493
934
1097
2054
460
2230
5
223
1442
641
1193
292
2342
79
508
98
740
2203
283
1513
2280
2575
2027
2268
698
2578
2291
1525
756
1612
1979
1832
1594
2333
1685
31
2130
1394
764
74
2010
811
144
1137
140
258
1907
1287
1018
1787
209
1434
60
2396
2
1096
2214
2388
969
33
2449
2184
411
63
2593
1722
360
666
1553
767
2016
2479
2274
1760
2368
683
1635
399
2022
1161
1130
645
2073
395
1205
1348
2171
1168
251
533
1859
1271
927
843
342
2322
1913
1495
103
1748
0
2206
1023
162
1255
2571
912
1386
2462
495
686
649
2009
1210
1717
163
133
1401
907
1697
899
445
2385
415
30
761
2116
2169
1997
2497
208
1228
261
975
2243
1660
1945
1323
2254
977
2406
2569
1022
595
1248
434
239
1056
2153
1257
1784
2493
1167
797
563
2410
2283
1004
2098
2412
1534
1566
1851
1888
393
1383
1487
50
712
2247
714
818
1924
614
2361
629
1665
652
1741
93
325
34
1151
2117
2460
195
876
459
2525
206
887
1026
855
2446
2149
931
2522
778
2334
54
308
234
442
12
2505
1806
2110
246
2188
2063
2195
1423
502
960
332
545
885
1727
2017
1981
1530
491
1765
1703
2350
667
994
191
539
2409
1294
2246
100
435
216
966
2077
1098
243
755
745
2303
86
1243
1607
277
1071
841
2363
233
694
1982
846
544
1337
877
1986
572
346
441
591
1955
179
1284
1683
1179
1831
519
87
1223
1708
73
176
1152
2586
2540
298
1535
658
1220
193
2328
514
1267
936
1508
1814
173
1931
2518
709
1146
689
728
1285
2403
1750
65
29
2383
1589
402
1903
973
2224
353
1000
543
248
2558
523
2335
1701
880
1936
1474
2591
752
1419
432
200
1678
1275
573
2524
1994
131
643
2191
1867
810
822
1555
837
888
1150
357
718
1608
1906
2461
414
1289
826
1324
1239
2096
905
757
307
2067
669
663
2366
1385
1801
2034
2180
392
2085
2158
955
2457
1948
2436
352
2421
1494
1613
820
788
217
1915
2465
1162
787
668
986
48
1309
1884
1331
149
2012
422
1900
1603
1642
322
2546
1651
1821
2127
549
1491
2032
522
253
1876
511
1672
1498
2452
1583
382
1604
868
893
1079
1723
1395
631
1330
1189
1926
318
551
1165
470
274
1958
137
1706
1719
725
862
400
553
2086
2288
1422
2134
1728
1545
1744
259
299
1864
2300
751
2336
2397
467
275
923
948
1681
1181
2097
1881
2332
1262
39
1438
1296
41
1007
878
1464
2040
1812
1952
2176
151
2415
1299
2476
1073
1100
1095
2100
356
654
1052
2263
320
1735
1297
1347
1943
1788
1453
2450
2172
2530
2072
171
1725
1590
874
2201
1092
1536
1226
1148
1959
45
780
901
2014
1334
2223
130
1890
1480
2080
105
10
915
1051
254
784
1186
1889
1253
2424
921
538
575
1361
679
1621
1015
1463
1627
1771
2101
154
2359
1576
1847
188
889
2516
515
1584
825
2024
816
635
132
1298
344
1852
1083
210
1972
1978
106
914
809
421
2541
1737
2236
2157
1069
1544
1676
464
1118
2265
2272
1649
1164
2594
2124
839
1543
1599
1017
1005
1090
1216
2061
1138
891
589
1595
1517
1045
1768
1380
534
305
364
1734
2266
1327
