1612
621
964
865
1631
946
1621
1485
1716
1494
2574
184
405
1613
2527
2090
1032
766
1342
958
745
1953
718
1565
87
2545
293
1355
1065
1551
1697
1283
814
543
1404
1095
944
1902
2403
2022
1086
451
1864
773
1982
1552
2131
7
715
1206
1643
1832
1690
292
2355
1151
2599
1650
1202
1573
1560
650
44
934
348
1910
1364
1321
2049
237
1576
767
457
926
311
2183
2478
371
48
1603
1304
1722
428
1363
1667
369
575
92
1439
1699
2284
1280
1830
1138
1451
917
1154
876
2502
1954
301
888
107
2576
1809
1083
1287
1782
724
2581
279
1744
1630
238
277
1220
1798
364
160
882
269
43
2091
1180
1453
1090
1834
756
2053
761
1417
2573
46
2332
67
313
436
1254
2145
1048
2568
1581
606
1421
1164
77
731
2222
1967
1171
256
1100
2169
902
2590
2396
393
1286
2475
2167
1737
605
1258
900
599
941
2178
2008
2007
312
815
1211
1802
1678
165
2227
2103
475
1054
227
863
2232
498
64
2152
2485
1795
904
889
1580
2051
1867
1610
474
1928
2141
2180
115
1557
653
1607
324
2532
1132
537
901
2322
1260
1776
2483
9
1049
2038
1207
2442
1872
303
2412
672
2547
2397
1596
1639
1638
2362
955
892
346
973
2533
713
2528
1936
636
356
1045
961
541
2117
1155
1983
1735
1218
2316
698
255
285
1556
2249
1269
439
2094
284
1144
298
421
854
63
2291
1361
2105
1402
1938
2541
553
1732
1540
323
1112
1890
1190
2303
795
1365
1620
1558
2021
1609
968
172
1078
1396
2113
2001
1222
632
11
929
103
149
2164
1106
1726
1175
821
1889
2074
1046
2111
550
130
1392
1962
1225
1829
1441
1351
721
273
1605
728
772
1358
2451
1475
1380
1820
1500
2345
1371
1746
1535
1949
1470
2427
963
1868
2238
1060
1052
1340
2489
518
1927
820
883
1242
154
1331
1760
1216
1113
307
1271
195
2481
1135
2219
2464
1440
979
2553
637
2395
648
1278
211
735
723
417
1308
1723
590
918
169
1055
341
2254
804
1250
765
2328
2504
1199
407
994
1822
743
1601
1696
1521
2120
1940
2307
1879
2143
969
83
1030
549
500
1579
2032
856
2542
2372
1480
2571
282
180
1711
547
1878
1728
759
442
305
353
1897
2539
1334
2592
1600
2347
2088
280
2154
25
794
193
1042
1159
1571
26
1729
45
511
1783
1914
708
1821
1073
906
768
1646
36
909
37
862
1335
2129
1356
974
1228
2285
1785
2548
2287
2277
755
497
249
413
2482
1591
1765
379
1443
437
1360
385
2203
254
1818
1259
114
1293
2135
166
1299
1570
1315
1836
1124
1777
1319
146
1709
1107
913
14
1994
109
201
1376
1474
1274
392
2260
1932
1637
1572
1416
828
1738
2185
1768
2290
1800
480
1793
744
1385
951
2432
600
1369
122
6
70
1082
1096
1981
1056
1567
1564
524
1122
1011
1420
1193
294
1892
383
478
2147
658
219
491
639
2531
886
852
2406
2537
780
1467
700
150
920
2356
2064
1484
1198
1139
2365
1939
2390
2139
1
228
361
1694
947
927
2010
191
1972
2116
1125
2339
2373
2492
1784
866
742
1733
1438
329
716
751
1739
1418
132
1084
630
693
236
271
1788
2317
1819
29
2443
1130
885
86
554
1114
2161
797
870
68
1710
2165
1686
215
198
1663
905
2151
1518
200
2538
2069
1298
1989
1669
659
1841
2056
1553
1515
1349
1465
2500
784
206
416
35
2118
1835
1520
1862
2257
2124
561
225
2295
991
2593
384
1626
1773
790
2193
2061
450
2563
533
624
1126
2423
1165
1227
534
1099
422
1413
208
867
309
259
2505
1955
1333
2162
59
2387
1129
1512
757
140
2017
76
1241
701
613
1575
286
2205
1020
2274
1284
1204
1290
1528
1184
183
464
221
2329
875
663
949
1767
2526
1662
2140
559
2025
2453
378
2112
977
1074
84
1188
2549
2024
2153
1179
2341
2150
202
1843
830
2060
1468
623
2107
2522
1492
1853
177
1196
1038
1128
2121
1183
1828
1037
362
434
1584
126
1758
1718
2363
2422
1721
665
1881
627
539
1804
167
1944
2534
2350
1754
1700
1734
1127
1244
66
831
1119
2006
446
1549
1906
1091
15
573
1489
916
747
1569
660
1224
1633
2455
1422
1974
638
2321
678
1625
93
1265
2174
2267
1511
1947
1300
2510
1161
1742
2013
2264
2194
54
1372
2002
2556
810
1719
778
194
1277
988
2434
135
289
1703
1029
82
2250
774
2378
940
363
834
1051
832
2187
2589
1772
1210
2421
1816
2487
938
494
2132
297
465
2134
1005
837
2311
802
1854
1079
2119
2461
656
212
2404
53
608
2536
2402
1236
2127
164
10
1295
1282
1110
2026
1749
354
592
1231
841
260
2564
116
376
2168
571
1976
2080
2000
133
21
1917
1985
2062
124
2039
1599
2198
2182
1229
1817
2055
1252
2029
2325
332
984
943
526
2046
2186
1882
2425
975
1434
1876
359
2340
1157
1979
163
2212
776
2247
2294
3
1414
1117
817
2550
1595
1946
989
1615
1693
1059
1883
652
302
499
685
1272
1537
827
2229
2381
1469
1893
1428
646
233
654
1563
1067
763
99
1289
483
769
1692
2047
1027
1320
1952
879
1323
684
306
2223
2221
42
2543
80
2142
1131
2515
596
1302
572
2095
2211
1543
1761
707
2018
1990
1014
2066
2184
565
1471
2146
960
308
2501
1774
291
1960
2177
1105
1176
1559
1488
1993
1408
669
438
2569
642
1548
2306
2262
2224
1880
2071
829
220
598
824
1446
386
1546
1930
1256
1338
750
1497
222
2236
748
153
1194
263
2452
607
476
1919
615
800
1803
548
789
440
1731
2292
1024
2256
1167
1942
1328
98
2192
833
2239
217
1007
1294
2392
907
1590
770
470
1801
2417
556
2149
1676
2207
2082
995
921
1541
1264
987
887
2331
819
34
822
1961
1791
626
1763
2439
1075
2324
939
551
1915
1063
1916
2228
283
257
544
791
231
2019
1971
2457
240
1531
2468
2110
79
840
2597
1357
567
1871
2240
1185
1542
942
671
1120
1330
2315
1152
230
2448
1858
2498
1313
129
420
959
753
1943
562
2462
1486
1532
2596
1359
1062
2200
602
2524
1959
2409
287
705
2494
628
266
409
1381
1111
1877
874
1103
244
1022
1713
670
382
2181
1008
181
1028
459
1604
2353
801
1510
1002
2233
1173
930
620
1904
61
1698
576
381
1347
272
1230
340
1619
196
807
1326
1826
218
1457
910
2506
1182
1701
1929
1044
897
186
288
1666
722
2486
953
358
2477
414
2333
402
2170
2499
517
2097
1805
2270
443
2035
1903
1405
125
2172
635
1410
1178
1191
128
1517
1431
49
962
873
2379
2136
501
1987
2133
441
616
1040
1174
1081
2241
328
733
1452
1715
523
78
609
1641
1426
729
330
1988
1057
1941
1865
1087
431
489
1792
2005
696
1243
425
2511
1850
843
2418
746
1399
2280
337
2433
1339
522
2349
1950
1322
119
419
2424
207
482
640
1209
612
1831
2282
783
2490
687
20
2020
1429
2415
1104
812
1618
509
1502
484
569
1462
502
1192
411
1069
1681
847
2237
1685
41
94
1036
1437
2578
2579
1635
1019
1665
176
2555
121
997
2370
1088
429
326
1247
214
542
1840
321
1712
1677
1885
956
1447
2023
965
2414
1616
695
2067
842
1312
1945
395
1750
85
1391
1303
1780
1642
1263
1195
1957
50
1483
1766
1281
56
1012
530
2460
1624
2100
1031
2513
504
1770
2312
397
352
925
60
1153
1582
1508
2371
261
1933
868
396
1118
1561
2405
1268
1568
1350
106
1336
1213
1262
104
679
1035
720
2449
1034
1937
740
2398
1142
1636
462
2441
1975
1991
108
2364
1490
1123
2399
2231
2261
890
915
2313
2562
2068
1522
147
1779
2166
739
178
1577
1089
515
525
1505
403
168
535
2525
919
914
1375
490
158
2171
2465
449
347
334
1884
2314
1901
1682
1813
506
401
2376
1398
487
634
1762
477
2216
1276
151
209
415
878
2385
1390
594
1316
1504
245
463
2540
1851
2058
1177
1705
1370
2033
2559
2518
1970
898
1234
350
91
2348
394
156
1547
1292
391
192
848
2367
1013
2048
2416
2384
1160
485
673
2456
2535
726
1544
145
2327
1525
2070
588
2043
370
1388
2160
552
1824
2279
95
2338
587
2582
445
2027
1378
1769
849
458
1632
1997
2298
216
924
1226
117
112
368
978
2197
1789
2514
175
39
682
74
2413
1498
1887
1047
472
335
1006
2426
764
1503
2137
2318
1900
224
486
2253
2346
262
31
796
2304
1704
2040
686
1076
1427
2458
1859
2003
1969
1311
1513
2101
706
1133
2428
2155
631
2580
2407
2081
1980
674
1257
1435
1808
488
1958
1812
2497
2466
1109
2202
100
2009
2343
2575
683
2099
2586
1166
1608
2450
2157
610
2429
677
81
1377
694
838
387
2469
2036
174
90
1053
2063
1899
1248
1460
1894
1448
1354
1463
1406
276
1861
532
152
1905
258
1343
159
1664
377
574
1995
1640
1237
1702
1362
433
1951
884
1432
406
2243
792
1346
1748
2330
908
1395
2176
444
1401
1679
1080
331
1706
1683
647
426
1499
2342
390
1145
2098
861
1866
1172
703
775
512
2173
2447
1307
372
957
400
423
2138
911
1920
564
2210
223
808
1324
1724
2474
1217
1741
2401
424
2509
134
536
586
1756
923
896
2206
190
179
1134
2089
210
676
1794
2158
2196
1849
2126
1587
1657
1366
2130
495
727
1622
2496
1825
349
1140
2093
1978
1149
1956
903
736
2467
1205
27
1934
4
1332
1948
448
1863
252
617
2209
2031
2258
58
469
993
270
2016
355
1018
1524
2438
1529
1001
1187
948
2190
1755
1373
1041
1246
704
1775
582
786
1021
1875
711
427
2275
23
1043
697
1963
1493
1526
1888
1310
2189
113
1747
2566
2495
1856
1472
97
2302
614
2065
1039
2213
2255
1456
1855
2491
2208
1270
1898
734
691
2269
1578
1655
304
2408
2271
243
226
1309
1661
1839
2352
2
1924
1314
846
2104
1507
858
1674
2546
999
872
1423
2156
2163
2585
1072
1550
912
675
1790
468
531
2042
777
1964
235
710
2530
1926
496
1907
2125
1197
798
432
1156
2014
1833
1004
375
251
1066
998
666
1659
239
952
40
1653
762
1136
2567
1545
1506
1275
895
2570
1070
1442
2123
732
972
1652
2366
1170
2305
1374
1654
131
1999
2201
2323
1996
2073
1781
980
2587
932
357
1986
1068
540
2044
143
970
2368
1717
787
1382
316
1566
182
2583
460
2289
2296
479
101
2230
836
1751
278
681
823
72
2087
253
456
241
1058
2288
246
2092
1137
148
645
136
32
1562
1285
1720
1689
1617
835
314
1873
2072
1352
2351
527
1736
2334
2199
966
1221
1725
1886
2383
408
741
2268
891
1026
1806
2572
730
1223
1233
1466
1291
1874
1449
690
1796
781
1714
1436
1345
2598
2454
118
412
404
1479
1810
1219
1589
1478
71
864
2472
435
1383
1141
2561
137
1147
2059
1146
1337
1108
2075
520
1740
2281
1912
242
668
1487
1759
1101
2293
514
1691
274
1673
1516
2551
318
680
928
1010
1249
1837
510
1433
2015
2558
2521
1846
1412
162
2204
782
2594
2410
296
1597
563
1752
507
1593
1327
455
5
466
234
714
2037
1266
1169
664
2337
604
343
1857
1476
1606
1586
187
461
1870
1115
1251
96
738
945
2102
1594
203
52
935
295
1496
2276
881
505
1771
2034
339
2584
1523
1000
2115
2588
1189
123
1688
1823
2299
661
2488
1085
922
2507
2393
2251
649
2246
1799
1444
2128
2109
62
771
1908
754
1827
950
2050
18
1647
1660
19
2191
2377
1935
839
2217
2517
185
709
2479
1288
655
2358
591
1909
558
996
1387
893
213
971
139
1896
1838
936
320
1061
719
315
2516
333
1811
597
327
290
1684
2557
2286
2259
545
493
2419
248
985
2503
205
265
2435
857
581
481
1687
2361
189
1918
1023
2273
618
643
1116
2552
2473
300
1509
871
1648
2242
2278
232
1407
2144
2244
2335
1495
2336
2388
712
336
1534
418
1670
1267
555
120
342
579
399
24
267
585
584
2520
595
1998
1158
2076
2480
1680
785
1671
513
170
1305
557
8
1536
1538
1212
2560
2226
453
899
1384
1592
111
1425
2122
1203
859
1668
1588
1815
2079
398
2391
275
2083
2463
844
2357
725
894
2106
13
144
1200
374
110
1585
1329
1455
580
22
2084
990
1598
325
702
2215
1614
1842
1611
2195
1450
931
1644
1753
322
373
850
1869
2565
519
1344
1150
69
816
818
717
1539
1341
937
1481
1050
157
805
1623
809
538
560
2394
1181
1477
1397
689
851
1017
2437
521
853
1093
2004
2057
752
982
1530
1968
578
992
2054
1977
1297
199
2595
2493
2512
813
2476
2052
1764
319
2272
806
1245
1629
1318
2252
1273
1672
138
1400
388
593
826
1844
2577
788
1634
508
1279
105
2508
1695
1461
454
1814
127
2310
2234
1787
2554
1235
1325
338
1238
2344
473
1301
2225
1727
611
1411
264
657
622
1911
629
1186
2086
2484
430
1491
1143
