74
898
2001
6
434
1894
1362
1761
2330
875
1776
183
931
418
432
429
1406
1566
605
1820
2063
39
1628
2560
1221
934
1752
1219
1938
2368
307
1096
2549
1990
835
1693
1959
2518
604
319
2098
562
468
1512
770
1038
259
811
2156
525
2053
1632
2497
1024
1171
1444
627
1691
1613
1900
499
1525
2434
776
103
1883
1795
2285
1604
2079
1438
2494
2408
368
1368
211
1661
810
798
918
1216
412
2302
2232
1162
2217
406
1294
1599
2536
1542
1248
2438
247
209
2511
2587
1513
2506
423
1033
161
1252
106
2150
348
298
2116
2329
173
1143
1975
1008
1646
218
1243
2419
1932
2210
1924
2019
526
746
2127
2300
860
444
812
1744
2362
1948
969
258
1831
2395
1104
2455
2328
1658
735
610
324
1740
75
518
537
993
2554
1524
2590
2016
1773
1025
1503
891
2250
355
2102
1972
2312
1841
848
2256
1044
420
124
809
1467
534
2534
199
138
2484
691
697
867
1172
2279
2144
1882
1463
2575
2074
1255
1506
2400
1663
2083
2276
1570
2436
216
1194
1431
1445
1493
1944
855
1378
190
2516
1597
2305
30
762
1758
1421
130
167
463
1600
1909
92
311
2090
2132
2207
1612
1198
1157
350
1439
904
2538
2421
516
829
484
1951
1385
1040
528
2592
2431
471
2382
633
1650
1186
738
834
408
2500
2359
2437
267
288
2464
1852
509
63
1785
519
598
663
567
1001
1269
2172
2398
1833
2502
1567
2553
2565
1124
938
1303
974
1806
893
111
151
283
2589
335
2478
1774
1259
1565
46
397
1206
1617
2067
1297
790
42
628
1648
152
1630
2543
48
2272
803
296
1933
153
1060
439
1537
2515
2050
1590
2055
634
2356
1954
1287
1423
1036
1390
1273
433
943
330
1589
981
1030
2477
2056
2452
976
726
40
240
496
1220
2492
45
2381
1541
536
553
2463
513
90
2445
1534
379
325
162
994
186
719
1265
1748
2125
1716
1071
1258
1165
768
1138
2384
897
158
2141
1267
644
269
1601
1756
56
1960
1686
1516
1762
1144
856
108
303
2109
2226
594
2064
107
569
939
2591
1809
1794
1598
970
1110
1863
1722
1489
187
475
843
964
1129
583
1549
2465
2320
657
2184
1098
1828
1821
89
853
710
1668
2341
2195
2443
1073
1289
659
2488
1813
530
1996
155
895
0
234
2424
1432
239
1892
276
351
747
1376
473
606
2163
1400
1080
2061
1569
642
2017
2283
1233
476
2346
587
763
495
1939
2007
571
2593
1796
864
648
112
80
900
1434
1736
77
219
1102
146
2548
592
1250
2432
1871
1145
2449
2550
256
971
924
999
2227
925
1760
280
1872
1851
953
1353
2148
32
282
2545
1193
1214
2264
369
99
1437
718
1395
1475
2213
380
1490
1126
1427
2562
394
1614
388
1242
2054
172
52
732
91
2059
227
2353
2159
802
700
2270
1450
2521
1341
2128
2418
2524
579
299
2429
2018
523
830
1201
617
2072
778
467
1140
859
1679
833
1973
937
1526
159
2211
558
1222
1299
1094
2043
2202
1107
651
1465
614
608
2468
1724
1582
903
1967
1130
1492
1015
1121
1494
563
2544
577
2037
787
1302
85
442
764
701
2029
1640
630
1816
2277
2299
2561
295
119
1508
1500
561
2012
741
2005
521
2377
323
1705
491
113
1185
294
695
404
728
193
236
1830
1308
2038
17
1065
165
721
550
2313
1629
69
555
783
1829
2414
1818
12
906
2192
729
1369
2112
1158
1472
771
13
327
624
73
2323
1488
930
2273
363
1550
1386
254
65
923
2078
2160
1857
36
1811
947
1156
946
2027
573
1449
2379
1714
1139
1363
2487
749
1747
312
135
1381
1712
1979
692
1075
1689
585
1278
888
894
2503
2060
1536
1282
1804
1159
384
1312
2552
1861
806
122
353
1624
2442
2386
1049
1061
1585
2457
2122
574
2337
609
95
1099
1006
784
1264
310
2185
1271
1539
1781
333
1927
1409
246
2176
500
1041
766
837
1314
818
858
2410
2271
670
588
1709
2533
1737
1583
401
231
1873
2542
734
958
2134
2177
967
488
1260
478
2428
2486
1168
796
189
2151
921
751
2366
2557
1775
1005
105
178
1810
200
1999
169
82
1976
2104
1891
916
742
1854
2288
2370
2023
1035
37
963
1422
2517
2365
265
2137
664
1346
1090
2010
1272
1120
649
421
393
813
2252
2178
1745
320
2348
2350
1685
1458
1519
1867
437
1735
354
1980
1118
557
374
205
426
1411
389
391
1070
1482
1332
1187
1149
1631
503
618
1890
1050
1906
1392
2310
2501
514
2168
2333
115
2292
863
1166
1074
1407
1202
2126
533
248
1850
2357
1540
505
1328
253
409
1270
696
2174
170
1296
2205
1320
407
1325
1842
275
1782
1076
2597
677
1586
305
600
2161
540
986
1690
1895
1653
308
454
1454
2260
2495
1970
522
877
123
688
1731
1645
1192
180
1209
1379
613
942
2522
1957
381
1103
232
215
2046
2469
447
263
2473
2396
549
2154
462
1596
1655
777
1415
2578
1063
1825
229
1321
1676
2199
2186
2355
951
1931
2233
1725
1572
390
2403
424
1823
1213
1568
882
887
2087
1913
512
1037
1191
886
2583
2582
714
184
2336
1207
2447
50
1064
941
2531
1969
1656
15
1595
2119
2354
2475
1985
120
1692
2282
2073
1917
1849
1702
1837
177
2483
316
1174
2105
1870
1160
360
828
1643
2262
2461
2303
413
2361
1225
1711
2142
902
2022
1878
2555
2512
2314
16
602
2208
139
321
982
715
365
1652
1462
1514
793
2344
1448
1739
2523
1315
1413
559
861
1887
1921
1755
517
593
343
2049
1348
498
1638
2467
845
1224
1322
1749
1477
2201
591
2153
1203
1783
2417
1544
1971
1814
1911
2024
1963
2183
273
1441
2372
313
35
1022
1343
270
1
2295
890
570
1117
847
959
1677
2158
1178
2165
1323
2520
411
1846
163
1563
2241
838
872
619
8
1588
2076
841
2439
599
175
317
955
878
2574
722
1945
328
2052
1359
1154
1681
1511
1227
2247
786
1169
157
681
1824
2214
220
192
1937
1792
2311
481
1447
767
2115
1674
24
1066
1553
954
83
2255
226
1982
252
915
1729
650
1329
755
984
1699
31
101
1122
572
1769
2065
1620
262
1003
1164
1770
2123
204
2077
202
1461
1768
2266
2367
2253
1664
980
705
2378
926
223
975
2081
147
1319
543
656
2585
871
88
832
1372
1998
385
228
1217
2581
2254
842
552
371
2422
1389
1053
1885
1797
150
1606
1515
405
387
850
1529
100
1054
823
1728
905
18
1593
724
2139
1908
1727
1523
2322
1919
293
702
203
1452
346
1978
1443
1254
1274
589
979
2584
1132
372
2111
2084
927
195
2190
2291
400
217
678
1910
1634
358
10
1697
995
472
1750
1905
874
2244
1912
1753
2427
1507
2576
1190
1822
1893
1119
2402
597
1496
185
235
2143
1853
338
2045
2267
782
2380
733
1879
758
1521
2388
2393
470
901
1281
331
1704
250
1961
1318
2103
857
2245
2124
116
109
2298
2209
376
1952
1391
131
1446
1275
2409
2113
2131
546
616
2343
2387
41
510
134
1484
1989
1619
2530
896
1111
1240
2440
1261
2563
1627
2035
541
43
386
1052
309
1276
2170
1715
2108
2496
2347
2235
1966
1150
647
2472
1977
438
920
2006
2572
27
654
2120
1923
1844
1208
2376
1068
168
545
132
1189
1793
538
1659
1016
1993
104
1237
2057
1680
340
707
693
961
1902
1543
868
1167
1922
23
1869
2249
2269
1855
2147
2456
1701
658
1175
53
156
281
944
1288
1177
2093
285
314
1279
968
458
680
2089
977
1751
675
1958
1520
1405
58
1182
1051
862
1510
1571
779
2454
1527
816
1286
1988
761
1717
1326
846
1229
2556
2003
586
1380
1249
2579
2041
1696
274
336
607
716
2173
1436
1926
213
1335
2558
1430
1350
19
2598
1532
2222
2215
419
1555
2117
1557
1089
2345
635
1874
1155
2263
1554
2491
460
1732
7
1241
2101
1109
490
2008
1300
300
625
544
1342
720
1522
2100
84
1594
1707
1306
118
61
1307
2294
1262
978
1256
687
2179
2462
2481
1947
1223
919
461
1929
144
448
1048
129
64
2537
2014
1981
245
2068
1218
2175
1916
1388
2002
730
1433
342
1633
2070
1815
1695
507
20
983
1305
1347
345
2223
2025
1840
1934
717
1136
2118
1183
2238
398
375
791
1370
815
1338
436
673
962
306
2489
1418
621
1067
1234
1295
2146
59
194
623
2058
1141
2280
1153
2471
2092
711
2573
392
422
1654
261
671
2020
251
1940
2423
1393
1416
511
1197
2479
595
1123
822
998
34
1943
1564
1888
1266
2595
780
171
1457
2551
2212
2248
286
326
1253
493
712
1936
2389
279
1211
2206
2324
1331
1684
1352
2278
1027
1618
1382
1986
1779
2349
1533
1505
1330
1657
2318
1373
1113
2325
814
612
1799
28
133
2569
908
2525
1805
2404
2363
1576
344
2234
554
140
990
2290
1835
1478
744
1574
1801
2482
1838
201
1101
1257
1115
417
301
1479
2096
2425
2474
1602
745
917
1548
1356
2040
2351
249
2527
1995
1587
290
1898
1410
141
1784
1313
121
1683
785
1647
98
347
1772
1420
2039
97
54
1757
1790
1798
709
781
1718
669
1531
485
575
1095
1199
626
1377
79
277
2416
662
1579
1649
2430
1639
1836
332
1442
1366
2446
1964
596
1965
2237
987
1151
465
44
950
1487
1473
774
1880
1575
922
1239
1517
1535
1764
2258
2426
487
1651
1832
128
1268
94
1994
1610
2031
992
578
2021
1578
2189
601
2317
469
911
489
166
676
849
2433
188
1560
291
2088
1069
1108
704
33
2082
531
660
2030
1953
765
1007
1028
2289
176
2364
2071
666
2413
708
1002
804
315
2296
1875
645
435
2564
198
11
1856
1397
1396
1682
1435
2570
576
2371
740
2164
2080
1215
2182
1235
1238
399
2121
1545
960
1720
1417
1004
1703
665
1868
1495
2301
899
1026
1125
1232
2493
1212
2391
1092
1309
825
1459
1230
1131
382
2466
2062
1195
1263
879
819
674
2470
143
255
2135
2519
852
479
459
1743
949
2136
1956
769
2107
2546
1502
840
1817
1365
1317
1116
991
1464
2401
1403
2394
1763
1046
383
2180
62
542
1146
1694
564
93
1546
1803
480
2224
2069
2435
1530
2567
1398
639
1135
844
866
125
456
1018
752
25
1733
792
1394
1188
1559
1896
271
1802
685
1105
945
1079
2251
2152
797
1226
2000
2342
873
2009
29
67
775
1127
1414
836
3
956
706
935
1827
1635
2509
535
2051
2577
352
179
2559
483
1019
1402
2594
2133
2094
817
241
1860
1481
443
1333
929
1848
1607
449
2369
1710
373
723
2193
1401
362
801
851
753
1440
2485
2580
2338
1293
1723
1236
1675
637
137
568
2339
1112
1371
1474
1592
2332
1615
1499
1876
21
2091
1404
1280
2188
1429
2243
2540
928
1721
224
913
1778
214
2230
1456
1181
556
2281
1669
865
2309
2129
302
1327
2532
148
966
2257
2204
76
1562
1292
1354
292
821
1672
1904
1466
1291
2097
1179
2507
1698
1029
197
1839
1949
1573
824
1311
1476
1741
1106
910
754
743
2261
68
551
1551
1339
1148
854
127
1316
683
799
1344
2335
2048
2140
2450
889
222
1014
441
965
2268
2086
492
243
713
47
1864
1759
2451
1010
2225
2412
136
2218
504
907
1163
49
377
699
1134
415
2392
1866
2085
264
2106
1788
430
181
1858
748
529
1361
2181
149
989
2004
2138
2383
2441
2405
2293
260
1603
2566
1746
805
2034
1498
1660
672
2406
884
396
2198
357
1622
1045
520
2032
646
482
539
1930
760
2360
2286
1907
1528
2504
1152
800
2242
2407
1058
2191
57
1100
1616
1485
547
667
1083
1087
1518
1787
1899
731
2373
1687
1425
1968
1056
272
1504
581
78
1865
1078
1426
2510
457
1992
2508
318
71
1767
1808
191
1077
2319
2171
1845
1580
210
2358
2236
87
2459
580
936
1671
827
2596
4
366
1667
26
909
268
2535
603
1082
126
1451
1623
820
1468
2539
1408
590
1128
1358
486
2547
440
1304
2167
506
1611
1285
794
2397
2033
1738
876
1914
1133
1636
364
2420
1009
1915
278
736
1340
1301
808
1231
1678
1991
703
1062
914
1246
1491
2196
431
957
233
1277
1021
1137
2259
452
1088
287
1609
349
1608
1666
1800
403
1034
1114
560
174
1584
1086
1766
361
870
1886
378
1974
1355
1042
2219
2308
940
1708
2203
2453
2229
416
1367
690
2157
1605
1375
1742
2307
5
1819
1031
464
455
2047
1228
641
2149
653
297
2374
1497
2411
1862
996
225
668
2541
524
515
341
2586
757
1412
1665
1324
414
1501
773
1097
96
1419
2220
739
66
2513
304
1935
1284
611
532
2529
1072
1387
912
997
1205
2274
1455
1244
985
410
2042
2499
1637
1726
502
1591
2265
2528
2316
727
1374
55
334
1847
2015
1084
1928
2284
686
1789
1460
1059
2498
494
1000
1470
1791
973
2162
1558
679
1283
1147
1547
1983
1043
615
2169
1765
636
2231
81
1057
1204
643
72
2514
2385
266
1200
1247
