1145
744
2456
2526
2259
1765
1675
1419
1994
1011
2534
1424
2
2130
1801
1987
274
1781
1427
1503
1878
2598
1654
864
1212
2541
1694
2533
797
2040
882
548
140
1824
1658
1345
970
2139
194
1271
1381
1155
642
2285
372
325
452
1279
79
1990
2056
985
1113
511
268
1199
814
465
1051
407
1508
2460
672
89
207
1496
1134
1560
1445
1649
236
9
2466
1860
2247
240
683
816
2515
481
2019
2381
2305
2189
1877
1933
1298
2352
840
1789
2540
1064
80
2483
1929
2266
1556
1338
2461
1902
981
747
259
2558
580
1415
1768
733
1253
348
1479
5
2149
1925
938
380
1115
1653
592
1289
2520
594
1595
2543
2134
1021
1146
1691
1717
1955
1273
2550
1059
1528
817
1983
265
2059
1184
56
414
1176
1735
1571
150
179
928
368
1881
2091
1414
723
312
2340
1978
1534
1855
1386
1520
2105
2308
761
551
1078
1785
2411
2320
291
1783
1392
886
2355
2472
2370
1677
933
1911
2324
1224
1536
1491
344
2089
1309
353
2328
346
645
1586
586
2282
890
1872
1323
510
1128
887
162
1412
646
1213
1433
302
1773
634
1160
1579
309
1671
1254
728
1235
2334
2012
1986
1136
1687
340
2036
55
1963
1166
2277
1261
603
2151
2157
625
1545
1564
1567
2451
720
724
1334
1349
861
462
1705
1837
2450
2063
164
1998
893
2445
2244
1608
2512
137
73
616
1905
1690
2209
997
857
434
413
321
119
736
2060
1973
1162
1627
770
199
347
2403
2004
923
66
585
1880
2573
897
2048
1193
1259
799
1849
2513
984
596
2058
484
1039
2038
2185
482
964
182
1466
436
883
2495
1581
2222
2171
1277
1337
1076
2135
2062
2053
32
2020
1757
2202
480
1662
962
1296
1400
1702
26
2363
1394
397
2208
1426
204
2380
319
813
483
1020
53
2525
1375
919
1377
885
2566
558
2047
1094
1448
2462
60
292
1747
1092
1403
1804
262
285
1347
1355
45
1180
1916
674
2044
2276
19
1240
1188
239
1351
447
341
2251
1481
1168
794
1667
787
1863
1387
1848
1799
862
379
121
1823
253
776
1966
513
773
905
1553
2377
1204
1014
2179
1673
1614
1611
2169
710
1727
2257
222
2010
929
11
10
602
2145
304
297
688
2119
2249
1737
820
2426
1050
183
1480
2317
1130
1798
474
1110
2022
464
774
715
647
377
364
1342
2397
1527
328
520
930
2098
1959
115
2486
493
280
953
1874
1563
1200
2028
2133
868
848
2385
181
819
1041
1958
232
1957
1522
62
891
1388
1367
2382
2353
913
1638
2367
1022
657
345
267
1123
1336
2443
2100
1676
1221
1293
1854
1127
1792
1794
378
1159
2490
1143
1509
23
249
1650
2065
2465
781
1981
2077
836
216
1161
138
116
2476
2341
1032
2201
1584
2530
2136
1956
1830
2204
1620
446
764
47
1215
37
1505
1399
734
2002
16
960
2492
742
75
349
2542
1907
1417
188
461
529
956
900
619
403
1085
2292
2563
1475
2417
1423
294
2256
1656
622
2165
2050
51
2030
2337
1446
281
2553
1266
501
2596
665
1197
1883
270
703
54
1307
1089
785
791
1576
1882
2109
1257
8
424
467
2095
2233
741
1077
583
1292
1171
197
503
536
1330
1164
1716
3
1692
1669
763
1174
921
2042
1361
1169
2313
950
633
2329
1129
448
2387
782
1499
1617
1407
350
144
2055
1189
2066
958
1551
2467
790
1710
2102
541
1220
99
417
2301
2129
1054
2389
460
1836
65
533
2484
298
1985
1866
914
873
2162
1488
937
2438
855
2503
2175
2310
1543
1079
991
1821
1304
2579
524
648
1226
1495
1007
323
2009
1779
735
2316
699
2406
692
516
1782
2252
800
1363
1178
2581
20
1753
2565
1329
2548
696
1519
812
1316
1017
1524
680
488
1004
466
76
711
1885
278
1036
595
1379
1787
504
2005
538
926
1618
1365
2376
2167
1357
668
2433
2348
961
1788
1440
2007
502
1516
1999
1812
1438
2069
1087
673
1840
151
1389
1211
1582
1285
94
654
1305
2429
1384
1680
1622
1892
670
651
1096
2568
863
1750
235
450
1950
2026
2373
1852
721
1264
1767
987
915
2045
1067
154
468
1070
1851
1793
912
1237
177
641
2384
2071
1754
1602
1471
598
42
1431
186
1028
1356
982
1853
851
1934
690
505
636
438
110
955
1018
2051
1643
1540
843
939
200
1158
777
1074
1057
2524
983
2219
1183
2177
1497
1641
1268
783
1339
2444
1053
1062
2268
1451
223
2289
1332
2425
1353
1016
1521
884
559
1541
1100
2224
1477
671
2287
2522
1679
1310
400
2144
1315
1281
2278
1015
1724
1733
152
2190
1501
287
1308
1736
314
1841
2327
1132
369
1600
880
2322
2517
965
1918
141
1250
1599
2434
2583
1287
1045
753
469
1960
1686
2037
2011
1552
1360
509
2405
1930
1636
573
2124
2001
1245
1689
1294
1441
2562
456
666
1116
1374
2561
2358
1820
507
920
1580
2027
1968
352
295
1196
1175
92
38
894
257
2556
1035
793
1098
114
2123
1404
2246
2511
1478
2455
1186
943
1262
112
512
822
2216
1343
2489
415
1632
2572
557
1049
1154
1042
1578
2416
547
1514
1182
644
2195
1678
1537
172
2274
907
496
234
201
2557
1870
1065
2064
1502
656
330
729
1346
1191
1926
1607
1117
1333
2234
1561
846
2236
419
2232
922
371
2468
1328
988
826
749
2094
2080
105
1896
2359
1869
2453
609
205
1061
487
589
1565
713
934
1506
531
1138
1751
570
2070
1286
2500
455
1591
1845
1619
1019
1940
1148
924
1899
132
2428
29
84
2200
1655
748
1080
1547
1518
1770
1915
420
157
974
2560
2078
333
1241
1761
1644
869
71
993
1865
324
2238
1063
316
694
1122
2507
1706
100
1828
1610
227
2183
1890
254
689
1303
1755
2481
1938
224
2594
769
1313
1252
564
803
1044
1597
1895
1744
331
1707
978
2118
211
2090
1301
2229
1225
2035
686
260
706
1270
1952
248
1350
1891
1373
1263
395
2290
2117
635
1615
2595
40
1511
91
629
2269
494
31
1163
693
338
1739
527
1943
1862
1763
1118
1203
86
1142
1598
1967
2330
1713
2258
727
2067
356
2295
1772
2298
1976
561
2039
1493
103
48
1153
392
705
433
1613
563
1283
1839
1621
2115
1401
1459
1456
1889
1470
2347
719
1738
2412
1198
1284
208
1924
2319
1372
2181
1574
632
1483
69
2332
231
2399
1402
2212
134
1786
821
663
1946
1295
1173
1428
2160
2448
408
2154
1312
1947
722
1376
1396
917
1210
169
2068
2140
854
2350
85
2235
2273
1661
1358
1771
362
206
2141
701
726
2255
122
2509
388
500
2349
1209
334
2300
1214
667
2223
1218
1697
2180
2318
1639
697
1729
833
1462
2003
1150
789
427
2567
1953
2321
2061
1995
44
2034
1637
34
1898
903
932
306
22
2364
1369
590
1906
98
318
475
128
241
1201
546
1743
129
2248
221
2188
2228
1206
402
361
1453
1157
1504
1443
2132
2230
605
2088
185
1989
2262
1721
2404
1859
2075
431
945
1631
1321
390
828
2357
486
762
170
2452
599
2545
2361
775
399
2362
1156
2454
1886
2440
1406
1073
120
1962
173
1344
245
1461
691
2475
2576
1756
13
2368
422
166
2386
2459
1422
1577
343
375
1742
2378
2025
2447
1651
2138
1811
2409
1826
1267
1437
108
2076
881
2213
209
707
1888
810
872
1515
1326
1575
2142
1208
2427
1139
1408
1936
977
1904
426
2081
6
2029
233
1416
2006
931
1383
1405
1523
1234
1544
175
1258
2410
807
1991
1846
1573
1818
2473
218
2470
767
875
2578
187
1843
2024
1630
1482
2084
2510
2585
2016
1628
844
1450
180
1485
1760
2335
477
1703
290
1949
528
1084
1972
1421
809
421
740
1233
198
639
2049
1
2546
342
618
1318
1572
569
575
732
1592
2254
263
1965
2043
2240
1269
2574
1745
1120
229
2505
1207
1195
1124
220
2586
682
2041
2170
2342
2372
597
174
1068
2497
1875
1629
1033
2537
43
1464
2420
1557
653
2107
1242
1752
143
101
36
2437
2379
1587
684
35
979
2104
1239
1549
2196
1720
986
876
1867
2547
2217
756
1311
606
1340
1276
944
1046
1815
702
1280
1093
78
827
1835
1857
576
1290
1684
664
2396
835
698
652
562
1550
2498
442
1740
373
83
382
1052
1291
2441
499
802
2304
2487
2564
1476
444
954
1060
640
28
2303
136
39
2083
393
2528
2243
888
2193
2506
432
1809
1500
1558
588
2271
491
1006
1216
1871
490
1170
2491
1589
498
1741
165
1847
327
1217
2052
1903
1777
2120
296
825
195
2508
1109
2263
1510
258
1037
2176
1980
1040
614
1435
276
1066
1314
1642
1663
737
2351
255
1202
2161
1681
621
167
1970
2413
252
2496
906
77
87
1454
1009
2590
2280
1759
1236
2291
818
581
2210
2125
1390
1609
2297
1813
1942
1247
2597
485
1099
1256
514
1917
1244
584
148
2423
2419
1103
2260
2480
2281
996
1640
1969
2588
74
1529
2101
2116
1190
478
251
815
123
17
1228
1791
228
59
1231
999
288
300
1937
916
440
1834
650
27
1137
1486
33
1796
739
1072
365
1463
1922
355
1833
1566
1362
2264
4
416
2469
959
967
299
2203
117
2323
2033
2398
95
1842
313
2150
2571
1666
130
2326
1490
2527
489
2360
1803
310
2325
1668
412
522
322
453
2449
2400
12
1275
823
284
992
2275
90
1413
1531
1996
457
139
1769
1588
30
1762
25
2114
2221
97
277
681
317
870
2082
1010
772
738
1449
210
795
2435
374
2552
1474
2137
935
655
1800
571
1704
2591
2514
617
351
479
1460
2093
1299
135
804
611
1251
2046
1106
1352
2336
1111
1512
2237
572
2589
709
1838
1265
1185
750
1979
1734
578
2555
1398
256
2544
2538
515
2057
845
1698
867
1144
308
1984
2158
669
952
1829
212
1780
1539
52
189
2106
676
1102
1043
620
2587
1992
1484
2168
1125
272
1695
2393
874
2431
1397
1923
1167
752
1533
865
1320
608
2521
2314
1647
971
856
687
1177
2302
1075
282
899
1774
326
1648
1455
1391
700
582
2529
532
1101
2227
360
159
896
247
1708
2333
1119
626
1964
539
1682
72
1306
1385
1048
155
2432
404
1945
1364
315
649
1764
1024
771
574
2199
1570
901
1928
389
768
1700
1606
600
508
2408
1469
178
2374
2390
877
847
2121
1005
2253
615
1131
454
889
1058
540
1473
2272
396
537
792
568
2392
908
190
2312
7
409
1982
662
384
118
758
1646
50
1730
2031
623
2250
969
283
1932
226
2173
2087
1900
1974
401
2502
1554
2559
160
1908
2436
1827
1660
192
2535
1302
2079
275
1140
1596
627
1335
244
927
217
624
2156
628
2394
1535
242
1238
1931
1822
1047
1172
553
2186
1778
425
2356
398
1693
1723
332
463
725
2504
1652
1670
780
2446
904
1105
196
49
1317
2414
2523
391
806
133
107
858
2345
1243
203
473
1728
2499
910
1612
14
591
2155
678
2575
1300
909
1000
301
470
2032
386
2226
2191
1489
2092
435
1939
2000
1359
1894
1274
93
1393
2402
271
1141
2220
1003
1409
1104
2159
2131
82
604
637
2267
2288
948
1513
2424
2286
966
630
2471
2164
303
1825
1766
554
1192
1901
1331
2518
1559
1685
2099
980
2111
61
610
243
1194
1832
366
679
459
1526
1616
1090
975
2592
925
437
677
1382
471
250
2086
760
2215
63
2442
1327
146
716
976
607
1532
445
410
1246
755
1844
2388
849
1442
560
757
394
2306
2366
1603
1133
2284
1088
1816
1411
754
127
269
941
759
2198
202
104
1108
68
2549
1954
289
18
2231
1775
1517
746
2343
2375
1719
176
1288
163
264
2241
354
1452
1255
67
2166
565
506
2172
1856
593
549
2354
1013
2554
643
2569
1135
534
335
113
1071
831
266
1988
2192
286
2439
1802
918
2338
842
1348
430
1626
1732
1810
1910
542
124
545
1378
751
2153
109
1715
339
1114
279
1920
2073
2346
1725
1230
1590
41
1371
717
2242
1605
1151
519
458
1808
2299
517
1187
376
441
859
58
363
81
2085
853
1993
329
451
293
443
142
837
1354
1887
730
2536
1432
2539
1082
238
184
1341
1548
824
1634
1604
852
685
1873
2261
476
2074
1223
2197
2477
940
2593
1370
1031
2315
2017
381
2391
1325
1434
2584
1368
1147
2463
2582
225
193
994
1444
2482
1260
57
106
2265
2532
1425
1439
158
1664
2146
2270
973
1002
102
878
661
1546
1436
2008
765
1817
957
1884
1758
0
745
718
2015
946
2096
1487
2309
2457
1594
492
405
1944
1795
1027
2110
337
695
1672
168
1026
805
555
1951
1410
1494
1711
714
612
1935
659
2407
556
153
801
1941
1023
1975
2174
712
1097
1465
213
784
111
2531
2143
147
1683
550
385
1121
2054
1699
1657
2519
46
411
2478
1126
1819
1418
1712
1249
387
1149
2018
214
156
383
2421
2112
1790
311
2218
778
1297
126
1232
860
230
1165
2307
1008
1025
1858
1997
1395
449
1538
2194
1913
1012
336
998
70
429
2570
