364
1612
1067
267
2300
2174
387
1928
1151
706
1545
800
2309
957
1442
357
1752
143
410
2236
2293
2516
1473
2513
2107
2590
785
2142
1223
967
2224
375
615
171
326
1973
414
482
109
2010
46
1222
485
1399
188
1857
15
2558
731
420
712
811
1882
1512
1890
304
2496
500
2156
627
1469
296
2394
1689
154
275
2425
317
209
210
379
1702
1528
707
1217
1150
1748
1186
703
2419
2003
429
266
369
1495
623
2461
1497
396
1596
2426
2123
1813
2233
1601
2525
1115
1867
2430
108
2298
1888
857
2178
2225
662
512
1701
2053
98
1158
2258
613
2046
49
227
816
215
202
944
172
1098
2140
821
2551
513
2475
1918
795
1316
676
1894
2479
1163
2175
1989
1178
1788
663
686
602
2192
1518
4
261
659
2483
1927
2325
2323
690
365
2592
2509
532
1000
1828
2495
1995
2173
2413
2537
2571
1230
1827
762
1125
1322
2119
166
495
241
2162
208
849
38
458
1855
1201
1709
2094
2295
2366
742
1288
1529
81
2591
1632
1680
1494
1874
2579
2248
1191
1755
105
23
2284
2
1902
2443
2045
1897
677
1041
826
2429
11
850
2008
2365
1628
665
126
1885
1074
1922
2544
1800
2383
2422
2031
2594
634
2470
2575
1283
830
2043
1262
1917
179
1570
2404
1094
248
1792
523
1122
1250
321
787
309
499
402
2427
1183
2492
2589
1035
2064
954
367
2278
12
720
2181
2338
2155
940
1969
2392
2329
2491
1313
2294
1849
783
861
815
1086
1413
115
810
1933
1871
303
2341
2445
388
1728
1285
521
1683
1861
1807
1591
2292
2411
2022
433
2271
104
1783
291
2577
2556
1380
2006
1782
120
2023
1866
925
2350
840
1025
1347
760
2265
1429
1425
1511
1173
2036
990
1535
1530
1274
2138
582
2410
2374
483
1856
1264
897
936
1615
1436
678
1225
1237
1851
2040
2340
1562
306
1585
927
2206
1775
2414
431
2239
277
1182
2406
2030
1141
1309
805
1912
59
1454
176
788
119
1350
1502
1759
2595
1672
804
1378
1359
50
1889
1353
1919
185
614
2135
1552
1170
1128
1636
1060
2210
2232
456
636
2063
184
1660
959
1370
1323
1171
2455
378
2474
1176
445
2125
1483
968
2327
1767
1931
1061
2274
2177
257
668
67
1233
626
1284
2097
2370
177
393
250
1045
97
1727
1077
3
935
1980
1954
2342
2511
2176
828
2025
462
2283
1505
337
1453
1646
1802
1703
558
593
398
696
2545
913
833
237
1362
54
904
1765
2021
1327
2264
319
1605
989
1318
889
503
2376
2362
1411
262
1354
1345
2091
2133
1946
1869
1360
1251
911
924
1797
1990
1820
1704
1836
2257
752
2226
1030
1899
2037
283
132
1634
2269
1305
123
1507
1713
2201
41
1246
206
1381
2324
1456
1862
390
912
1079
2275
2017
377
920
1174
1695
2546
1688
1525
1937
140
799
1343
2026
600
2581
1358
174
1640
1009
1132
1387
1513
372
1124
2563
2585
2092
2307
1876
417
2468
118
146
347
2204
905
2157
1205
1580
2412
865
694
1616
722
1991
862
1508
2369
1012
1463
2586
764
1448
8
374
829
5
145
1682
2007
1392
2433
1971
649
26
616
2137
1674
439
879
245
1644
638
1464
2164
2147
599
1033
547
1071
1901
1395
2471
2451
729
1790
653
144
995
945
1281
1146
384
1259
403
1321
1522
550
1592
2454
311
947
511
1
455
951
2029
1179
979
1873
2540
2460
540
288
470
1008
1498
1699
1219
1732
570
1034
1743
2186
1958
887
2166
1558
807
1268
82
1408
1998
873
55
1481
1329
993
568
1417
228
1997
1351
395
715
2508
1641
155
43
625
894
116
223
315
624
346
297
2080
516
2028
584
2106
761
1374
2357
2042
9
2502
444
961
1978
870
886
1270
1210
2400
1823
316
192
100
370
434
2096
2154
2299
240
2249
423
738
1630
1044
1744
193
2134
986
2220
472
2250
2580
2121
436
1519
1626
1427
1118
180
314
867
77
1334
1753
563
10
1760
1445
1088
796
2459
681
1568
534
1920
2573
1340
765
1620
142
292
2172
167
2463
1361
569
2559
114
1510
987
846
1021
2088
2247
1475
768
242
2431
2009
1407
2402
1617
492
618
921
2197
778
903
906
407
640
1747
997
1770
461
1534
1113
1771
743
2336
1721
1040
1462
934
2051
1096
853
2409
2555
287
1051
1142
2058
1786
1589
467
926
1548
1637
928
1610
1517
90
1830
1337
1272
2481
975
1805
2465
1303
1297
1967
758
1282
1424
1659
2467
2011
982
1194
0
1729
1482
2503
2417
588
673
983
1543
561
2193
933
763
400
1488
2527
1308
37
1877
187
1724
1416
1460
344
64
1712
1935
1401
1590
418
1573
1950
1739
518
2200
559
1974
479
1992
1891
661
736
705
1263
1444
607
1555
1103
2344
1501
450
875
1130
1798
1583
620
1166
1553
308
977
2536
571
1687
2384
1215
1394
723
590
2126
507
1147
1645
2221
881
256
428
78
1276
1461
2355
1896
362
2456
910
2241
1376
973
2570
1100
1211
1705
1102
1492
825
1842
1299
1070
877
310
555
529
1582
2151
2089
622
2114
2149
2447
774
1154
1833
1533
373
1741
2337
869
61
1599
45
2482
2489
551
2512
2408
888
313
425
330
2055
545
130
252
1949
1956
1489
2109
1336
2296
868
2403
1062
1763
1635
216
711
200
2245
2049
641
1780
771
169
201
931
1277
486
508
1356
2572
147
1972
422
1472
1391
937
1420
965
777
2450
2488
1039
938
914
538
93
466
1333
1633
2215
1838
533
1566
131
1649
1255
1168
999
812
573
2518
601
2458
2260
1878
2240
1080
1097
2359
2486
1373
2251
448
1845
1523
205
1676
406
562
2191
2564
63
457
923
487
219
2304
891
72
943
1437
1319
1541
190
1625
451
1487
1214
1050
2378
207
2469
220
2280
2171
1344
56
24
128
717
1515
1614
1822
1090
803
254
1540
1289
1235
170
528
2399
125
1324
234
385
1339
1664
1852
583
1629
260
416
159
1985
2533
1898
1293
1152
2385
71
2328
477
2002
747
1028
239
1193
554
2216
1565
609
1014
974
2087
1785
564
688
1661
578
465
744
542
996
988
1929
1717
121
191
789
2180
1295
1095
1653
1539
1910
66
1435
1120
419
224
1019
136
2348
1690
1579
672
52
1758
1379
2514
1665
305
1275
2526
1975
87
721
1923
1776
1184
1459
2504
1706
1621
2368
360
898
299
832
1490
196
639
1608
859
1952
1428
2446
1685
2005
502
1037
2261
51
660
1697
2332
994
784
2321
2243
1383
2478
331
2308
808
1213
757
2520
1886
158
820
1787
2372
2184
2565
1092
2574
1078
1390
2434
730
1238
915
1197
2102
630
1209
1036
1816
1938
2130
2062
432
1314
2242
2189
1606
274
1663
1691
1677
336
493
872
709
1422
399
263
2333
32
1725
827
1968
901
2020
1853
1031
1485
541
1468
2018
2070
1840
480
84
1657
235
1942
823
441
74
405
270
2343
2291
1108
1024
389
2436
271
1604
2127
164
31
2373
843
998
2356
1447
2268
734
2312
1737
2506
1198
173
1602
839
856
1402
1451
1963
1022
1248
754
107
1221
769
909
1261
1966
776
1157
1068
1105
1619
2238
1947
985
40
2553
1754
1624
1749
258
519
1431
863
1137
2108
890
2159
1440
2050
2105
1335
356
824
2048
1858
553
2041
598
1542
1837
664
138
548
2218
791
1941
1984
635
401
1611
1438
1484
1652
732
2152
440
735
7
718
2266
153
1153
1465
976
2554
522
1868
86
1200
251
1055
978
1306
1569
1986
2153
1258
1547
1243
280
2396
739
549
918
198
1503
2363
1546
1841
259
2163
740
822
1491
684
646
2052
727
1015
1574
95
110
94
1325
1684
2019
302
2141
2253
2421
69
1369
2562
695
53
2360
282
1613
1742
249
1218
1961
1063
1693
203
1711
585
1648
2438
2013
930
343
318
329
1493
1863
290
2371
165
2560
2305
2367
1819
1578
1551
2535
2188
2255
1953
2317
320
520
505
1403
2407
746
48
182
1957
91
2472
328
243
134
2223
2566
476
802
1241
1240
34
1993
628
595
2349
960
253
342
1719
1865
1913
1757
22
949
741
1834
1085
2522
697
1119
335
1825
597
1773
481
73
670
1631
1441
1256
2499
1005
2270
1400
112
576
160
1312
62
2289
89
39
941
2287
1532
2207
1700
674
2219
2100
1926
2311
1187
2382
605
1366
831
1996
1550
2229
1127
1029
412
1622
2273
603
2139
79
2231
1254
352
2213
2596
2441
149
1298
1563
929
683
233
2358
848
2099
1057
2318
1678
2077
908
1099
1164
2183
698
969
421
2032
2113
1052
1001
2418
524
1357
971
537
411
1013
880
1434
2288
232
2004
962
1414
608
498
1180
2466
1945
798
1117
922
2272
1736
381
1409
1049
1296
2179
284
244
2583
2523
604
814
426
1584
566
1466
1245
1793
770
163
1883
581
1311
526
1046
1253
655
363
491
1575
2576
702
371
2024
65
1718
552
980
1396
1587
958
1330
1405
1419
1818
195
1496
1148
1206
13
794
1670
1208
2437
2209
1667
893
1854
1165
430
340
101
692
1979
1190
1073
1175
1195
1900
963
2148
2531
708
2390
1936
1903
161
1600
654
35
737
1271
1017
1643
572
2246
2190
2056
675
447
1421
836
852
2086
1027
948
2420
2170
1129
637
759
2208
714
991
1784
124
1799
884
2354
1382
658
546
1959
1789
14
2515
767
530
1388
2194
2346
514
1520
350
1331
1908
28
691
366
1516
919
1577
844
1504
1470
2543
6
1082
301
332
312
2039
1455
2075
1746
276
427
2038
1751
1557
1398
2381
322
2530
2351
1089
1708
2205
2144
667
2168
2557
1107
2578
1477
1679
1162
2066
1320
2122
76
1486
878
358
1581
952
2462
278
83
2500
565
956
1133
442
854
860
2034
2395
2401
1433
2547
359
1227
1169
2254
1666
970
1843
127
567
80
1536
1138
1172
85
386
916
2303
2222
488
2128
946
1970
1795
2212
851
2541
671
2487
950
1368
413
361
2449
1544
2582
2047
531
1006
1826
189
99
2389
2234
1627
876
229
1506
1087
724
409
1671
779
612
391
2424
2405
1831
183
1832
2084
728
1266
1722
892
1892
348
2387
2068
2301
1564
981
1774
631
392
338
1342
1328
2302
2548
642
2331
749
2145
475
1452
1307
2423
279
2345
1962
992
1638
2440
1069
719
837
2375
772
415
2568
1777
1449
1160
1220
1363
1681
1801
1199
2124
341
1794
2079
2529
2397
611
2073
113
932
2584
2497
587
2196
1149
2587
1740
685
647
1887
449
1020
2090
1675
1114
383
1531
2538
855
574
1571
1607
1884
1814
2069
212
21
882
606
1561
2235
1726
1112
1367
1371
1549
30
264
1796
1914
1846
294
1203
594
2542
2214
2065
1778
150
2263
617
701
1066
135
806
1257
133
1224
272
781
527
2104
334
713
1730
1750
92
1239
2598
782
2415
1247
1185
679
2416
2117
33
1004
157
1252
700
2480
265
2561
632
217
652
733
1058
1300
1260
1121
1016
2322
1904
1720
213
307
443
899
2510
693
1696
333
2083
1669
286
1593
1710
474
648
1738
842
1609
1188
424
300
2453
2484
2330
452
1870
2195
557
1880
44
666
473
838
2364
1824
2539
2203
339
1377
509
2310
2033
885
2588
2150
1514
1212
1806
2320
1809
1509
1018
535
953
2428
819
2085
1093
2282
1007
619
1338
871
748
2448
2494
858
1623
1692
592
1075
2286
1144
2131
226
225
1804
1603
1594
1418
2237
847
323
2059
1479
2315
2339
1083
2549
1694
1527
1278
2158
780
1234
809
175
2111
2519
2182
773
438
57
1895
1524
1136
984
629
2116
2016
298
633
2035
841
1850
1226
1310
1467
817
122
496
1951
380
1480
2012
1872
1560
1559
2393
792
454
1177
835
2597
1875
1761
2534
351
478
345
435
1943
2000
1457
453
2095
1053
896
2262
446
2081
1556
539
1135
1639
1389
42
2388
797
716
1139
2057
468
151
1598
2439
2528
19
704
1906
139
18
1341
2267
1110
2044
1983
1921
285
199
2115
2281
790
1829
506
883
1143
745
1292
1586
687
1204
515
2129
1446
1155
525
1294
2230
141
1595
1397
1269
1977
1764
1111
1650
751
813
1458
556
710
268
2136
1839
1811
1140
1348
1302
2435
1439
1934
2335
1047
355
2279
1236
1860
471
689
1315
1242
2391
2380
162
1658
1279
148
103
1076
281
917
222
643
1976
1654
1042
2306
2120
1471
1769
354
1432
1772
273
1651
651
469
504
2313
2314
1430
1167
1911
289
1478
58
211
1393
1576
194
1932
408
1698
1134
2464
2498
1909
1156
942
1905
2377
1848
1810
1317
68
2169
1647
238
1474
544
1116
644
1733
1745
2599
2567
1940
1410
1982
137
2143
1817
2485
2202
2256
2501
36
1192
1987
60
1131
1847
156
1196
2118
1844
2160
1808
16
1881
2252
1426
2198
2078
900
2550
2014
1781
2290
895
1981
1216
2093
255
586
152
2101
1538
1372
1988
2524
1010
1521
88
460
2386
1064
1567
2521
1023
1273
382
575
1766
1572
2319
1723
1716
2071
1500
353
1735
117
1964
2326
1893
543
1815
