756
1323
919
2387
1235
798
1298
1314
854
1186
1507
949
1913
2039
821
2286
1860
1252
1946
740
1421
2037
1842
1488
1683
424
422
1768
1914
3
1720
2092
2281
2242
2330
1117
921
1038
1232
2553
1653
2346
1989
1003
2429
1102
710
482
1919
2284
2240
553
765
1359
555
1256
1824
1923
1535
192
970
1328
2466
10
497
293
220
2378
2054
479
1689
974
2453
132
2392
1352
1150
760
862
291
2530
550
1403
1280
410
1563
21
2259
2422
142
1163
1968
2393
409
1158
1308
1616
2111
1033
1833
2186
2182
774
1265
2156
914
250
234
2216
2597
157
1895
2017
1204
628
2407
1877
748
1837
1335
1746
297
981
393
594
1449
1588
1369
634
582
2518
2179
1031
1210
818
287
999
1899
407
2007
459
1253
1625
158
169
1340
373
2490
217
2413
808
2456
1766
2119
1893
145
666
1663
508
650
2011
274
194
1694
368
1427
180
1138
535
2311
670
1706
345
1468
702
1505
30
340
2040
1213
1882
1591
181
2138
1415
965
1095
2106
1237
1062
148
2287
1412
2207
887
1462
1512
2335
1650
665
1872
2257
1206
2561
1329
2093
704
1452
2105
1578
2414
496
375
2495
1387
329
1198
2075
649
1480
358
2147
859
918
2308
1134
601
1810
1208
1550
1240
413
255
523
1121
32
2273
2546
1064
675
1943
1731
398
73
1762
2104
647
253
1944
1076
982
27
344
1059
1057
1374
216
2481
2397
1136
1606
1721
2448
2579
473
124
1433
579
1908
1708
1202
302
172
485
1741
1709
2426
475
1249
831
319
354
1034
2516
794
103
2324
326
2266
989
2074
1288
1191
457
412
1971
521
2203
1958
688
2127
664
1525
1495
1751
2402
102
830
575
1575
2543
1197
844
2329
2333
829
2270
415
1716
1953
2339
797
2190
423
259
1504
2356
1029
349
1410
1242
1077
741
428
1267
374
1508
1962
2419
590
134
1106
690
2169
2434
1764
1464
1409
2068
2048
2589
1538
570
481
1551
260
1584
879
2012
1619
931
1321
739
2137
2288
1533
1581
1218
1467
841
2539
478
1233
935
2315
418
2492
241
351
2300
1161
2256
1174
141
946
1155
36
653
2359
1474
1711
1592
2265
2418
2564
257
781
793
1259
113
426
2021
1093
84
720
431
2486
1228
493
2226
1074
357
959
2
2013
1601
1937
2377
1520
1830
1801
2215
534
261
1122
584
1350
984
2353
140
1534
1819
2185
58
1499
2170
1598
1011
1752
133
1065
295
1430
1254
2213
489
2423
1697
1025
952
645
895
411
1041
1779
755
1514
276
2277
692
1668
1979
243
1089
660
548
837
2267
1770
2296
248
2125
2569
907
545
2112
363
1539
39
2325
205
488
262
31
857
2476
1671
1245
938
928
1445
138
33
663
1332
589
1623
958
361
659
127
101
2056
1987
2243
1436
530
1648
1742
596
799
1454
1362
561
2547
1959
867
1087
1316
477
1691
2153
2090
2431
155
40
2517
1657
1067
1828
1564
1859
178
871
2136
2080
1655
2299
637
1836
1447
1085
2253
1017
313
539
95
2462
1115
2427
1406
691
151
512
800
2198
2326
1607
2115
759
1273
2067
126
208
209
121
929
652
219
2283
658
300
2331
942
1107
2416
1515
2102
934
456
2332
897
1372
1045
1027
593
909
2252
1318
1902
1486
1641
752
1503
2263
2050
310
2145
967
1645
369
782
1015
1785
915
2290
1475
2524
2262
2455
2575
810
1654
1309
298
1170
815
231
2338
1021
1123
1799
1546
2362
1597
2425
2313
1900
1
66
1002
1615
1211
763
1348
13
1272
1216
671
1455
1884
1104
2583
1053
1554
1851
889
745
587
330
1363
2077
1743
2083
2206
1817
1855
714
2139
1838
1901
1035
1347
2464
1834
1148
75
487
1698
2446
94
636
106
1561
1864
762
308
898
472
2152
195
736
1807
540
2347
1589
2445
1723
574
1103
1573
2298
680
1652
1763
1349
2121
57
1736
962
877
1320
1939
1569
453
165
941
1014
288
218
1000
2204
1910
718
362
773
686
870
805
950
2307
1108
1560
2051
824
1185
2485
2261
2468
1101
1354
1236
1541
2363
1071
1168
1469
2578
1509
85
350
1441
292
2479
2361
104
2513
848
1800
1463
1586
397
2192
1547
114
1032
923
72
501
2015
1600
2271
1389
454
6
1957
2155
638
187
2084
1258
1184
184
323
819
2285
427
1355
83
1635
290
2375
1487
2544
960
2141
204
724
2558
1426
1587
43
910
1225
1052
2504
1496
1114
504
1927
1783
988
174
1380
1296
2411
1995
1982
2406
18
624
381
1341
1291
1955
1482
2183
15
1984
1868
2567
943
792
401
1867
1306
59
2395
1420
580
1566
177
1739
1466
309
352
1821
389
1866
991
183
998
2041
1618
387
1614
1590
2120
452
1935
618
1304
2049
2061
2438
1967
402
1822
2403
787
2348
1542
139
1142
1986
2336
845
371
1247
2217
951
1862
1735
1933
1733
193
1926
684
1281
785
52
1707
2292
1732
880
2016
2094
465
45
992
2163
716
1327
2079
1357
1367
20
1941
683
571
1931
786
2458
1331
440
356
1518
1631
2452
1976
2592
1719
1128
1889
519
1952
948
641
1284
2291
839
646
2412
2035
936
685
2467
2595
2234
11
1325
2533
843
1051
986
904
833
96
1681
236
1461
53
1808
2386
2574
1938
25
738
98
694
2576
1945
1713
1636
2596
342
283
122
1612
1173
1678
1643
1215
2536
1559
2599
1500
1376
1703
1404
1540
541
1456
975
1803
2264
2410
41
2010
2380
240
1358
312
1750
2334
1443
191
966
2177
2372
605
597
1604
268
2258
1028
2588
2401
97
2122
603
77
2275
567
1338
239
1784
524
1300
640
1100
2278
1531
1519
894
1516
2053
527
1609
1030
2194
1843
933
1881
1841
1734
2364
514
2055
1765
2245
1949
1954
2501
2167
1850
873
1099
285
495
1135
2184
1832
2236
1651
2519
2367
1199
435
1283
81
1812
2469
1871
1429
1050
2497
2508
474
2306
408
2038
1661
1451
159
905
359
849
2318
2505
1477
1920
1444
1157
2023
227
846
2349
1139
2352
1679
1012
1368
2520
1086
2073
273
2029
1226
2103
1825
1166
2510
1395
2091
1813
466
1365
1334
779
1147
74
572
2439
1980
1054
392
1891
801
2232
1552
1478
322
436
2294
28
404
1293
1787
2424
1060
2528
282
817
842
888
1861
1370
789
2096
9
892
2019
395
648
1997
1865
1583
681
76
1351
492
1905
228
388
1526
890
1177
764
1626
1160
2132
2058
1001
827
1384
89
673
1116
48
315
847
1317
1244
280
703
1831
1778
271
1222
1814
1674
1737
1262
2187
367
244
2399
979
2368
1146
1629
346
947
651
996
175
2030
2218
717
1007
336
442
2489
1141
1993
1261
1171
2345
583
1673
1058
135
2293
562
1251
1371
1079
1555
1887
2549
552
1282
1307
61
609
2365
1909
980
2511
2042
1532
1886
117
86
146
225
1639
67
2342
2373
1758
1465
669
851
211
876
1361
314
532
2078
1710
1729
2542
503
633
2482
1333
2097
1788
1322
1835
957
54
1026
1382
2351
203
1337
1156
301
995
753
2483
729
840
2166
598
855
2322
212
1786
990
2454
783
1440
693
1745
2390
317
2124
825
566
468
82
1863
547
35
2405
1196
1963
2086
1856
617
405
1695
210
1075
223
439
1009
2409
1457
1133
447
1632
1048
2526
384
850
2246
1176
2150
973
2099
1178
1608
1624
370
2028
186
325
662
1633
2223
69
2570
79
1024
1287
1528
689
2241
807
1911
2360
2358
1956
2591
2100
16
376
2459
1383
884
2554
247
556
2043
1470
446
1571
1432
656
1005
1775
1047
2095
2003
1670
2178
1219
1231
486
2140
1016
1491
470
1996
1712
1848
518
338
2370
1906
712
1818
2228
2488
1092
1289
2385
2484
2515
698
1153
899
790
1312
1411
2303
1275
71
726
2312
1903
2534
983
22
893
264
976
766
1397
2498
2044
1018
2374
44
100
1548
1904
2027
2098
809
1476
2471
730
2343
270
2394
1896
749
1521
1483
2496
1690
1175
1072
1398
2514
286
2076
709
767
1585
1727
2148
1212
505
464
2310
1118
455
896
2499
278
2436
1119
484
1948
2199
1263
1090
2556
1748
26
1097
732
2477
1164
201
954
1453
2020
2565
1356
215
813
882
2282
1725
2382
1315
1804
1617
1111
1883
1898
1930
639
2144
1568
516
179
1684
1472
458
676
615
1124
2210
509
2581
1209
51
1390
2191
1699
1303
112
891
1628
1964
107
2302
90
707
62
977
1870
396
1130
80
1646
2319
1656
751
743
1761
2211
1402
1596
932
1704
2493
50
2341
742
2535
1125
1773
2563
746
549
2081
1922
1345
2130
577
1419
2018
1854
533
1667
1676
2383
233
1789
320
731
803
945
1360
635
1201
828
2107
1998
784
284
1023
588
307
2376
328
2161
147
1622
1405
1435
1753
1572
2200
1605
1152
2470
1879
500
266
1078
167
256
2369
2494
1918
674
2512
695
2149
2123
1796
197
1921
682
1143
49
196
2587
2220
414
434
1396
1423
1549
607
2474
1890
1434
2063
1439
1815
968
1974
1558
1290
1769
2289
258
1073
2004
166
1311
1043
2268
1310
1557
1934
1448
1724
1336
1246
1950
2168
1224
2024
116
2475
1662
2461
632
1579
87
294
2065
109
1408
2573
2408
1063
883
1929
2473
348
816
335
1593
1379
1190
2159
1344
2443
202
341
642
2250
706
875
2465
826
1553
137
1497
55
2193
1096
1880
152
623
2441
2500
621
835
2069
613
1947
2417
2507
1517
502
420
1595
2114
930
747
130
1858
2444
1845
517
2205
499
372
1970
750
538
1084
1424
971
1113
343
1070
1675
1217
235
1972
705
1144
2162
1852
2590
1820
1270
1874
2571
978
614
168
429
1494
758
2072
630
987
1782
722
332
2381
1381
1260
1094
451
631
1446
1621
213
886
544
1747
1978
1659
163
1154
2391
1594
916
1319
1301
162
2175
2045
744
668
108
526
823
1279
1414
543
1894
1726
1013
708
604
2202
1977
1556
1066
65
1061
2196
19
913
1346
2415
667
2384
2214
611
852
110
2070
2110
937
1167
796
1840
419
4
654
1599
221
2033
182
2036
432
822
2433
160
2540
318
2222
911
2522
2134
2251
1722
1377
1268
1274
1165
1378
795
1567
874
1994
222
1611
2580
599
2316
1973
858
2197
775
2082
14
115
1932
460
421
1385
161
2305
564
608
2142
463
2002
118
337
771
1849
1602
2562
2126
1126
2224
2269
768
1523
232
176
985
1401
576
2208
1798
2064
2323
379
1044
2487
275
1214
1450
908
1004
1912
1649
206
164
2568
1714
433
303
2357
696
1305
832
1966
620
2085
861
1696
490
1192
2066
2340
1481
1700
2551
578
678
1873
1829
1431
2317
1794
1088
1730
2131
721
1637
360
1257
723
246
734
2071
129
2478
1388
1940
17
2238
1603
339
2309
385
1846
1530
170
1928
2460
2503
224
2000
1207
610
188
199
2171
1010
1330
2586
1375
860
1660
1677
2572
1749
437
2421
334
939
226
353
1702
679
2113
606
629
149
1630
1795
60
1513
1049
677
1536
2276
445
229
281
1407
2116
198
2158
386
591
2188
1642
2174
719
2052
2235
1857
1777
903
378
1574
2537
1640
1137
1847
1277
2321
88
2255
761
778
93
1844
1975
1105
586
467
63
1522
733
483
2089
189
377
1140
1120
1068
2463
2135
2509
38
1295
441
1255
728
1892
520
185
2108
2180
2432
906
713
1580
902
1399
156
1686
776
444
865
0
1876
672
2396
316
2598
324
1916
1869
2280
2181
1460
1183
1220
2545
450
1230
1924
2272
2320
380
1875
963
2538
542
2031
1961
772
802
1299
1234
687
1149
2233
56
2555
1269
1392
961
400
727
237
1112
558
29
1294
1271
1951
531
1172
619
1391
804
2327
355
1806
872
1203
2344
1189
2225
448
391
622
2585
1180
1056
105
2279
1985
1688
425
1188
2379
7
2201
2577
173
864
869
920
585
881
565
416
515
2005
461
1039
1276
878
2173
551
780
953
111
866
1082
964
2229
1925
406
697
770
347
2129
1200
42
568
1437
1286
2209
1776
811
1046
2314
2008
1343
1792
2557
900
279
2566
2237
2550
1562
1738
2062
511
1324
1969
1250
2164
2157
1687
8
1008
2014
242
1701
1960
2176
2295
885
1506
494
1422
2301
2026
1418
2057
1109
1162
238
1685
491
1759
912
1705
171
1229
2025
2355
1991
1386
2239
1942
2502
1823
1907
1527
417
1627
311
699
560
214
1672
2389
1537
2521
554
573
2133
506
430
715
1797
1647
438
2165
926
1264
24
769
700
2449
2531
1805
661
1285
1493
1239
2328
1243
581
853
1809
1638
1610
2231
2219
1774
2548
1020
272
1187
1442
1501
2506
1771
1760
612
230
2117
1238
136
569
1936
78
304
1110
2437
2527
557
1680
1802
2532
480
1205
1885
1489
366
1248
144
1080
251
99
1083
1744
922
2552
602
1511
1524
955
1644
1019
2297
2582
2189
917
321
644
2022
277
1428
2109
1366
1999
1339
2146
1728
119
449
2227
1715
2337
2560
299
2491
2430
2404
1194
1302
207
791
1313
47
1266
1754
1990
190
1131
1485
711
1182
2118
