1762
655
1264
75
1508
740
972
820
217
1589
2305
495
664
1972
517
984
1650
2273
842
1184
1315
1405
213
2107
1585
1544
1770
2576
278
1067
2135
1328
186
2405
1308
309
860
1883
596
969
269
333
1445
1337
551
2234
1771
1097
2533
1153
2201
492
1014
2075
1144
1178
536
1634
2270
681
1296
62
2251
941
1558
534
2005
1787
2145
946
2159
441
1780
2411
1541
2125
863
1576
830
925
1438
1926
555
2390
1949
2065
244
1204
245
979
1348
391
189
1785
472
1556
2436
73
100
532
61
265
2330
230
1467
324
770
1525
652
307
1685
85
2025
1876
2061
2231
1783
413
952
1205
57
565
1250
397
2462
2247
917
485
1513
776
2461
2373
19
2193
1937
2406
21
286
2471
637
463
143
2365
231
1059
808
448
1285
1796
1547
2211
1356
784
2292
1249
2252
1338
1572
97
30
2272
927
2487
1510
1138
2105
1255
742
1485
1242
128
1421
1272
905
1172
584
2063
1406
780
1994
1723
1007
1056
1678
90
1173
1211
1885
2241
625
1277
2278
1998
1359
185
1191
554
393
1388
1880
968
1461
1621
2575
235
1351
1110
1100
2083
236
387
2508
588
223
331
29
2082
1028
425
919
2386
1991
1582
2489
662
661
149
1692
799
709
1747
1397
2523
2480
1680
1919
1877
1212
1976
323
2568
233
590
1789
1324
412
406
1078
2086
1920
1218
2519
1838
2450
1081
2355
1268
1864
2081
2073
498
865
703
2439
2
467
1321
80
1691
1882
494
2419
723
2516
98
1489
2248
730
1756
1849
1545
841
1042
158
527
1098
1725
539
1626
2282
1818
1496
2077
1309
355
2132
2160
1203
295
2208
1929
763
263
2343
2103
887
1259
1913
1527
587
1326
1509
154
111
2133
218
1033
559
980
2566
482
1396
2312
305
358
184
1313
2117
197
203
1146
2442
2342
732
2171
924
139
2090
760
2463
2554
2573
1376
1574
1165
1694
1051
368
1908
1112
380
1117
318
689
375
2136
690
335
1830
1578
450
1638
954
1147
438
940
2011
2289
1105
1001
1698
105
155
1069
1370
1336
1674
798
621
1046
2542
1888
1413
1921
2176
2214
840
2548
1728
434
670
903
2274
2599
376
2280
99
2163
2109
2227
247
875
427
325
2598
1700
1317
298
10
1559
1282
1593
1623
2308
1936
1721
1604
1960
1124
844
2443
2447
1749
516
1986
2291
877
1228
986
966
6
1092
813
2551
1907
634
1607
2153
268
1010
2512
2307
2064
2377
1683
2347
1182
1903
1360
440
2496
238
2537
891
1777
605
2257
542
1923
1077
945
1422
460
1483
187
734
2068
2275
398
827
1801
379
414
237
2369
336
1793
545
1736
794
618
1571
508
2195
728
452
626
2353
1064
1340
822
1024
1708
2384
975
1209
1451
2034
1344
2185
1164
2070
1715
2364
2434
857
224
1981
37
353
893
603
2219
2027
2128
1664
320
262
1579
1473
2505
109
2361
2555
733
1645
604
894
1971
897
1114
2572
2116
2256
970
1910
714
249
1610
737
340
210
1595
1346
2389
2296
357
337
95
2590
2087
1786
385
1501
934
1504
2056
1048
1755
1362
859
1539
60
744
416
1894
1393
2379
2134
2397
581
641
1283
858
383
1891
922
130
1139
1617
1591
910
1427
613
1679
78
2564
2181
1349
1677
1847
1106
1450
514
1279
628
2168
2553
2269
1458
1200
771
1881
1803
2545
2191
1030
2039
619
1297
2546
299
2479
1452
889
1648
2259
430
2261
867
756
1125
1982
679
556
1769
1404
989
2339
1385
2591
2186
2536
721
2376
302
51
988
1365
277
1951
520
2237
1697
24
1718
474
687
1392
1586
801
1869
524
1136
466
1792
339
1327
1419
976
705
2507
1530
2311
1371
2366
1602
995
1369
114
938
79
117
1057
69
2151
2518
1649
354
2175
2190
1850
2357
451
964
981
15
1197
1738
505
1668
1886
1896
465
2189
635
1053
712
1482
1524
1202
629
2585
2381
2558
27
2088
2323
1423
806
68
153
1990
1273
2481
1808
346
2104
2459
207
1957
580
2067
219
1448
46
1463
1196
503
2010
818
550
1553
1219
1912
1745
955
1408
1129
990
1843
28
2371
2129
1583
2416
1063
1605
1430
1540
899
2113
2281
1706
930
1973
1343
2023
1062
54
1270
1414
1538
2126
2240
697
287
1220
2498
548
2245
280
2154
1592
1378
878
42
1441
2196
553
1411
1961
2243
2302
2380
459
1389
2049
1465
617
1070
1675
2229
2494
1468
1484
1491
648
1732
2001
22
640
2017
2560
1016
2588
1266
2244
698
1155
2139
1848
2393
696
1480
88
1911
190
1143
731
1263
83
1970
1025
481
2102
1791
170
126
1690
1119
2008
541
638
1052
1978
589
1872
1897
810
815
1599
568
2538
1333
458
1142
2594
121
258
2547
2110
1039
1928
1459
191
1702
1113
2221
44
535
4
1229
2059
2003
665
13
1023
523
255
1859
1616
181
1159
1366
2433
250
706
329
1246
1096
2524
496
373
436
1073
1611
1816
1996
848
1654
183
2184
807
1812
915
1123
965
538
906
112
2578
2484
2172
2285
2205
388
868
2437
713
2583
2491
276
1330
53
627
1179
1946
1531
439
1764
1210
666
1076
193
1889
2028
2596
1476
1845
677
1274
293
2222
1186
2013
1072
591
1086
2255
453
1628
411
2400
765
929
1355
102
2374
543
1549
2444
169
2260
2528
2446
14
1044
1160
1730
754
259
2513
1836
118
2517
676
1109
928
2476
1041
1286
2150
2383
2089
2155
1999
1514
1492
1618
1233
680
417
1716
694
1354
745
52
1564
2345
718
1495
1252
288
72
1637
562
1528
1158
2460
156
612
2242
1870
2137
1104
675
1858
682
2503
615
344
1497
1284
232
116
839
1754
699
1536
2095
567
220
2490
147
1472
264
56
1868
281
1307
741
2337
598
234
256
285
92
1905
2002
241
215
2040
1974
1773
1759
1217
1457
1577
1500
199
1743
1407
528
71
864
2417
544
1511
2057
2418
1529
2004
2042
422
767
1601
2313
1909
1399
1688
852
312
311
2422
2098
2199
401
1956
882
464
1383
549
2138
2401
221
1433
2106
1234
1373
1442
173
802
851
2031
34
592
476
486
1542
2224
1339
2112
2072
1295
50
1656
819
2091
1563
803
113
1719
110
1435
2427
812
2236
1560
1322
2264
2079
961
0
1499
1722
846
1415
1839
2557
2362
2141
342
1364
2226
1867
2142
715
1746
2069
871
752
1731
55
43
786
1837
1768
931
275
408
1752
797
2382
1975
1075
895
1669
206
2170
1400
1600
761
12
1709
560
2180
2038
1977
1215
1761
2467
673
577
1031
167
838
2021
2412
1550
911
616
1083
1372
1093
1740
2597
431
1032
1292
1294
1941
509
1420
2499
2178
200
1479
586
1079
490
2409
310
161
1712
1094
1966
669
209
1080
2534
557
1118
2298
1969
1460
1874
775
947
497
1004
1175
1861
1486
1429
790
1161
273
1942
2561
252
1188
300
856
1534
1223
1447
1045
140
1180
1989
1236
631
1398
918
1409
1090
2096
622
2097
1350
2183
2454
1833
1965
2356
658
371
2540
86
2336
65
1573
2432
1763
1662
923
2456
755
477
835
2569
2052
1167
2532
2398
2279
1938
1149
620
1306
1962
1281
63
722
843
2197
564
1302
2455
522
660
182
1345
2217
1262
1177
172
1239
2094
176
1598
902
2121
717
1029
805
356
33
1061
2424
507
1575
1453
2158
636
2007
106
1257
1828
2036
921
834
885
1642
2287
291
1162
1631
2348
1855
2124
1940
519
1537
1111
2066
1945
1775
1517
644
1183
2054
1624
781
2567
1580
2239
757
1088
2466
1659
407
758
2060
2318
2100
1243
1254
2131
1190
2527
289
633
1305
578
1774
1943
1235
561
122
937
2249
159
2327
614
1265
2549
2194
11
2474
1027
2372
1717
2157
1318
188
1087
1860
1862
1418
2216
701
1788
2457
1671
2146
2048
566
1334
971
174
1208
1107
1682
409
2465
2209
876
253
2317
415
1581
1347
1533
2425
2403
1632
120
2122
1720
274
1505
849
131
2402
2530
1958
2395
824
2120
442
2101
2438
1225
691
862
196
1532
1130
1829
1022
1660
360
1895
695
1643
2333
1914
136
1494
49
1904
2212
1710
239
66
125
1403
1925
821
1767
1357
900
160
2340
2435
381
1395
2092
1352
1615
1922
1933
350
569
957
2271
1871
1932
366
2015
1181
146
1021
248
1353
58
2346
684
35
738
959
194
2539
2030
1424
1171
1606
2354
2187
1588
1819
1013
643
457
1466
1240
1017
671
361
2321
1085
1657
610
212
1287
1727
2577
23
420
521
471
674
656
306
1753
2020
1734
297
609
179
1635
1795
2428
2322
515
678
428
1432
1797
837
708
1703
1815
2262
963
2394
2198
1015
2431
2230
432
162
978
908
1704
1335
1627
1314
301
2392
1154
2587
2559
2493
2511
201
2579
222
1902
1817
2563
1341
1875
1127
1852
1157
1798
282
2358
347
1303
2233
791
1614
2486
133
540
195
739
304
1214
487
751
933
1176
1189
468
1644
943
211
2130
2440
1963
1758
686
1058
2320
1134
1832
403
1765
1342
124
135
632
1814
2404
1930
2147
84
793
828
2076
1711
138
1280
2325
974
1320
766
315
870
1481
1518
574
2338
1375
836
2119
1377
1612
1866
2370
1857
2314
724
2464
1293
402
1699
2062
1462
1148
768
2263
296
1227
1416
1506
920
2584
2332
2426
488
1927
1840
1300
1253
571
38
932
1008
2306
1390
2225
2192
31
788
2429
1379
2203
1410
76
447
597
246
1241
1449
1417
1594
1394
41
2378
1311
96
1689
1329
1546
1238
623
475
575
266
1776
1230
1665
782
2188
2276
205
2288
2326
2363
994
392
1934
777
2080
2044
2423
1750
1661
525
2019
896
2268
1247
2497
704
1026
530
1916
338
64
1555
1714
2413
1629
725
1988
1983
396
2565
573
404
2043
473
2250
1557
2024
2535
483
1823
2016
89
423
2388
1446
1198
8
513
399
2504
2488
833
1043
1380
1276
9
817
2009
607
1226
2228
384
2581
1150
866
892
772
956
785
208
444
787
1011
1412
240
2200
1020
1584
1382
2421
2179
2299
1782
816
1701
1488
2500
2543
20
2408
461
1666
1299
107
1651
2267
1271
1260
1820
1954
2453
345
363
1684
74
1444
2550
811
1964
192
127
1082
599
883
25
1779
330
1256
2026
672
429
2035
1374
1653
692
1166
437
2351
2501
229
651
378
663
855
2414
1955
667
1312
898
1040
2525
2202
2051
1298
1672
939
2014
861
2492
2085
795
1185
1825
351
639
1005
1742
272
2206
1288
1003
831
1993
735
874
512
45
2529
510
1221
1137
1520
1980
2349
365
421
1401
1968
1784
2556
1760
141
611
1192
1278
2006
1696
433
1304
1012
1358
2047
1890
2509
1842
1102
825
1439
164
935
166
953
2286
1995
279
1426
2367
2246
1901
1251
2148
2290
707
991
1037
370
1900
104
1713
1440
884
2071
2541
1552
973
1667
1201
443
1019
583
1237
1781
688
683
888
1319
985
1133
2253
645
39
668
1846
1931
163
1899
2156
2472
59
1865
879
774
2258
87
26
1806
1135
1493
2204
854
814
2473
563
1454
303
1428
1804
2410
1953
2449
904
710
983
1325
204
1174
913
270
2161
537
334
2301
2152
2297
720
175
260
470
2441
1516
2050
400
70
750
1068
2111
749
1878
1368
2232
2182
1813
1194
202
2114
82
129
886
1693
1222
646
2475
654
462
216
601
792
572
873
1128
958
1145
1
992
1471
17
243
1521
1502
1939
1131
789
2108
1434
1290
1535
369
1636
2046
1841
2522
500
847
1507
343
1613
1269
314
1802
2316
1099
499
1984
593
1565
1863
332
2477
1213
1000
773
2319
1475
321
890
2580
2167
1199
2032
914
950
948
2521
1047
341
1587
630
151
352
145
2210
2562
796
809
1232
1551
700
1856
362
7
1095
1515
880
608
1034
1967
2265
1987
1892
1231
2173
826
454
1898
394
2058
1289
2303
804
489
1108
242
1724
1258
2574
1805
251
576
997
2582
1049
1384
2127
1431
1487
2215
1066
901
1906
419
319
800
736
2029
424
529
726
410
469
829
1834
316
478
1248
1216
624
2033
1639
2352
2451
2452
1478
1687
2118
2309
308
1811
327
271
2238
1140
1490
1597
2041
1443
1790
313
1947
1310
1570
40
479
48
962
1935
1120
103
993
359
2093
2149
3
2593
47
2510
2207
16
1361
326
1101
2399
693
1436
198
426
1363
2344
1800
982
1952
148
1663
1707
1151
1469
748
1425
2315
77
142
2143
518
348
2074
1122
951
1809
1641
1522
1807
1391
2544
1810
1603
1915
547
1924
2165
1705
1470
2115
2407
1630
506
759
2300
1018
67
1566
2283
595
292
2277
977
1979
2012
2334
764
1854
606
2123
1055
727
101
1733
1437
1737
1193
2053
1523
1568
2595
5
1633
743
1625
2331
657
1772
1207
2514
2169
2284
1608
2586
1735
716
2458
395
2304
2531
1844
2387
1658
2177
322
1169
456
1084
283
32
1498
382
2396
94
1089
349
582
1381
1367
2483
123
1822
1132
1744
446
1386
533
1944
228
1168
685
1065
1387
1115
1741
168
1567
134
493
1992
405
2445
711
916
