1877
173
2190
2088
1105
1216
2064
848
250
890
1070
1032
1814
1024
2256
1553
2361
1547
2
805
398
672
539
2068
2207
2178
666
439
194
1827
1946
1066
766
720
215
580
981
1302
568
1274
1275
340
293
204
1440
1642
839
99
1743
2562
1002
2489
459
179
1498
1177
1706
540
726
914
280
2135
1389
682
657
2444
1903
572
2284
1658
1062
213
2047
1820
2418
1370
2351
2201
557
1073
677
660
774
2020
1957
799
2294
2219
2557
1123
18
2249
2421
689
2097
921
1200
1303
1103
2571
1479
1919
1857
1454
2295
2486
1628
1563
505
889
663
139
2563
1926
1018
1463
371
1257
158
336
1464
601
2545
838
2191
1251
866
1482
1916
963
122
361
2370
1441
2008
388
1413
1414
598
2241
600
928
2123
377
39
138
1009
1098
2467
1849
2261
967
977
174
1760
680
2110
1211
223
1951
1508
1632
2306
1041
274
1590
1598
1056
2480
453
859
2321
2416
1913
652
1906
1193
2354
1864
1469
489
1379
1544
2011
224
779
1292
49
2272
547
209
2451
1141
1229
2023
642
836
1529
1076
306
1871
2010
603
1879
1652
326
2375
2058
1813
2320
1584
1071
1567
1338
98
812
777
543
925
2070
1997
376
1306
1659
621
535
942
1621
1783
1969
1699
1467
303
2197
2578
1928
675
2131
2248
1001
330
2153
858
1571
142
1503
450
1575
1795
2050
307
2158
931
2002
673
2579
2462
1918
2593
113
2458
51
2350
514
206
1296
1784
1357
555
1361
1313
643
2491
1087
365
6
27
1993
581
2060
2251
1896
850
22
2126
1013
1042
2071
741
156
436
1751
372
2040
1866
687
1599
1279
1174
66
552
819
180
1515
837
512
599
311
466
919
2218
1437
1894
1125
332
1506
845
2112
1932
2299
292
296
624
1054
2429
2559
2407
1734
2422
1614
0
1867
571
1767
988
809
2599
1840
1789
240
1731
2246
2177
441
5
1917
2445
1671
607
935
2086
1120
1386
1712
864
118
515
89
145
1285
768
613
847
757
2189
2405
2377
1752
1289
2570
1576
1953
940
1973
2549
1972
1336
2279
334
2396
420
1168
2046
2424
2101
1911
2266
1891
1861
1392
1312
944
2543
1093
727
1404
998
1798
1387
1048
952
879
1178
2372
2236
404
1773
670
428
1223
1468
1630
2411
724
1202
2214
2327
169
1509
1931
1020
1484
2301
1278
614
358
65
1573
165
53
1909
2132
408
144
1828
2093
1900
629
1378
2006
570
2522
813
1863
2133
1426
2143
1914
2512
1702
2551
1027
367
1627
1551
1624
1084
1172
725
2187
2227
1845
2598
1779
1281
2555
1194
885
790
2334
1155
2379
43
327
21
1121
857
1026
1933
231
229
971
683
1817
685
1258
797
458
1322
1363
1741
2541
1410
1028
2337
137
1939
577
168
1927
915
2277
946
950
1438
2035
1218
1247
2150
178
718
136
1672
100
907
301
1263
1995
401
1733
1005
462
9
335
2145
544
355
399
2212
395
823
497
1015
153
96
1960
1815
129
2364
1570
1686
1664
1277
706
1787
2232
2278
691
268
2302
2235
1356
707
1970
2203
2215
1326
697
2553
386
242
1505
191
530
310
1101
959
938
1197
954
324
2276
1415
2580
526
262
295
2024
421
2146
1214
124
2274
1252
2140
618
1559
2566
236
1030
1099
573
2270
712
2033
983
500
375
2234
1354
709
868
1022
788
1300
731
2021
1134
604
1176
2293
1334
551
1766
2015
2419
1850
1728
772
2290
1979
522
2102
1771
1138
1434
28
986
1490
2476
343
1660
1264
1804
411
344
822
1340
739
275
579
1383
980
297
559
2223
894
2171
467
141
2560
2077
232
1542
1232
834
752
1899
1085
1535
957
1256
1276
1333
2263
2238
545
2195
1127
263
2066
2466
2552
1541
1986
2528
1613
349
413
415
2113
1108
1683
2055
1500
331
2199
486
900
2028
2517
314
2164
628
1038
1231
1735
485
192
2546
1069
867
2124
1007
1637
761
1853
1474
1186
1548
2148
2341
1860
1183
1580
1265
1805
2590
432
2182
964
1401
1182
1554
659
1875
2403
2118
2456
1341
283
2322
810
2434
2211
325
2477
2198
1966
1645
294
2412
2586
1794
904
702
492
1830
1566
2313
2423
798
468
2490
182
1697
1582
1844
2224
341
1596
351
304
1158
2457
1045
1646
305
352
2217
465
729
1164
396
1924
576
1135
2595
2568
1442
852
2038
527
2533
1564
2535
1489
1342
15
2339
152
1619
951
1539
2433
1230
84
338
2597
1145
2004
930
2591
2494
787
637
567
34
2336
356
1852
641
1192
2583
2080
1246
1745
656
2269
394
2487
589
2288
359
277
2163
1255
2259
434
784
2204
146
996
1556
1521
2510
150
251
1778
1421
520
895
1754
584
2524
86
2312
2152
1114
560
24
2508
1822
409
975
934
982
1447
1110
1187
1003
1837
1504
1679
896
2389
737
2253
2017
542
639
2054
1617
743
1606
1762
898
131
630
161
1705
1477
1925
1902
881
1044
1462
2242
1491
1839
1010
1143
2108
1195
1089
1682
1475
736
2196
2305
1402
1942
929
170
143
646
1981
103
1965
1581
1140
1846
265
2384
1412
1514
1283
871
2448
2231
455
2100
2281
747
2186
480
329
1920
1740
873
700
592
1649
1648
1578
1153
644
994
1558
684
825
1882
1345
1768
2368
2137
2409
1662
2523
1937
4
1113
886
1780
1078
2268
1171
1470
219
2439
1472
1233
1589
1512
887
2005
261
59
634
899
1254
635
2031
744
1756
2534
704
353
487
1764
1339
1494
1240
1444
923
2575
478
2029
1100
1332
407
748
1742
1448
2438
1320
1380
1998
8
2094
1351
2547
2099
1152
2129
1604
1359
1162
357
2193
622
1898
1369
1700
582
714
2442
696
708
1888
933
2179
1220
1305
313
1432
68
257
860
1790
2188
1555
1577
719
2392
927
363
298
210
550
1870
968
1631
469
225
1610
366
905
2172
671
1244
1242
345
373
473
855
1335
392
807
315
1609
201
2161
90
1139
2255
31
1416
333
2585
1823
1458
969
1872
1568
1549
2084
1307
1825
991
2003
1595
1450
1727
2359
2506
1612
1075
1703
1618
722
2175
126
1921
2122
1676
112
1611
75
95
445
1384
2436
2382
1545
640
882
778
1629
2483
1952
1691
1248
1963
1511
941
63
2159
1720
1348
1761
2526
76
1715
1698
2513
244
1430
695
2307
773
2353
616
1299
1968
2053
1097
82
1390
1311
2509
461
1358
1808
865
2065
414
266
2202
130
1510
661
844
926
846
1525
2273
1337
446
2352
966
1301
2282
1067
1520
2045
674
1366
276
1696
1259
1912
1167
1929
647
510
973
1188
1169
1261
2169
521
1546
2012
1419
1732
781
1388
756
1175
1034
1376
817
891
534
2340
1324
2155
1435
775
1826
406
782
548
1319
1280
2174
308
1304
806
1077
705
1893
302
2289
181
888
506
2469
1880
1625
516
88
418
2154
1249
754
949
760
750
1812
851
2386
2374
2404
1523
2016
2106
811
389
460
1633
2019
791
916
2343
650
917
1492
45
2588
2355
1786
619
2185
2556
2025
816
2180
1885
564
1996
339
1818
233
1851
471
1179
1528
2358
1039
872
1967
1518
40
1799
1724
801
475
397
1423
2393
186
2260
698
876
1685
2363
2324
2061
1985
474
483
1623
821
1481
81
387
1537
1680
424
127
2503
1689
2173
943
901
267
456
529
463
1308
513
1730
1253
1115
2594
602
1524
1608
1329
1695
2390
1831
2072
1353
1562
1237
328
1393
54
1586
2574
393
1650
1196
1941
749
2507
947
1895
1206
1874
83
937
1678
383
1347
416
2127
2107
1314
2470
1793
913
1746
435
1118
2262
591
431
1557
1605
205
1122
321
1594
230
711
13
2117
1372
2505
1212
1848
166
2500
2160
273
1057
243
1670
2592
1634
25
1992
1433
423
1901
802
382
955
1657
742
1381
2473
1517
1737
2425
1583
157
2014
2499
1854
892
1060
1753
883
1526
159
2521
764
763
1694
1585
221
1602
220
1607
575
546
1377
1349
1945
1272
2576
1757
1204
1446
835
1675
1109
1166
2237
271
1373
733
1273
197
425
1688
780
1241
1364
2531
134
843
380
1459
1161
2049
1565
1721
1718
1443
1626
2454
72
2447
1722
610
648
35
2573
556
368
960
405
482
1208
1785
1641
1856
609
953
1243
94
1572
2587
2441
1560
102
322
1367
1962
989
2075
109
1159
2401
2267
699
1350
1365
400
1236
1328
37
2373
1053
2149
1008
2525
2134
472
1591
1763
1268
1449
1653
2105
2085
1189
1747
1043
1151
1810
502
254
85
1958
1615
1203
2408
536
2026
792
2376
2245
282
1801
2069
2162
1717
1029
2257
2296
814
1126
2098
2391
2410
1999
2151
140
1976
716
1858
104
945
1362
270
2519
2567
2208
627
1622
2348
2561
2156
278
1133
1382
2311
79
623
1819
1428
569
1938
1201
1408
608
2471
631
786
317
1417
1991
1796
1425
1923
745
585
1397
1643
300
101
2488
776
830
2009
185
565
658
2475
897
979
3
2417
1418
1222
172
1260
2542
563
1889
2572
378
488
120
1943
1750
993
870
2474
2589
1210
312
1692
1088
808
183
1107
1096
1037
379
1980
2435
2564
2067
679
1360
1004
362
1495
2119
228
1331
1160
765
1131
1940
1887
1687
1983
2540
2244
1270
1579
1897
2001
1869
1977
498
2027
2142
1371
93
354
849
1987
524
1725
1111
1286
1142
2091
2283
360
956
2221
1391
1892
87
692
965
1603
1774
1855
2530
586
1245
999
55
196
893
1635
1016
1782
2007
1527
1309
911
1876
50
676
1959
1012
2515
1716
452
1090
972
320
1429
842
346
1445
2464
976
2220
246
1833
2264
606
1807
1701
29
1905
1487
2116
796
1587
1318
2380
2192
2565
2089
1749
1776
1988
758
1569
391
1112
2455
1669
97
1019
1915
818
162
1025
1770
1055
1673
2325
448
1948
2036
2532
2170
1543
1765
1834
1035
1666
1638
1427
2415
2388
877
2460
248
1806
1290
114
924
1315
1597
1668
2328
1207
723
2082
759
2430
1499
1536
1532
2104
2034
1368
464
133
2496
2463
2548
939
438
200
1792
1399
33
1956
1824
1714
734
479
1466
717
1033
1080
912
226
176
1842
222
2344
1403
769
1209
922
1006
1061
2252
664
2051
259
2333
2544
2365
974
212
1091
2130
665
746
1456
2345
364
649
1843
794
128
444
1719
164
1907
217
1886
2039
638
1117
2550
1396
1654
484
1431
175
1704
135
985
149
771
1883
594
1644
840
1868
688
1485
690
91
1451
2280
2440
419
476
1190
499
2461
574
2558
1949
1165
1710
645
1651
1409
20
370
2115
1936
1480
495
612
1154
2157
2303
962
1148
2495
2265
815
1501
285
1665
1325
481
2596
1205
593
1922
110
1439
918
1841
2013
651
2291
856
2504
800
1074
2385
537
1116
2166
2022
509
2402
2478
74
1082
1974
1593
1346
2200
115
151
107
1744
288
11
1227
238
440
995
511
412
1486
596
290
1592
2414
721
1355
2103
753
2052
532
1990
854
909
2298
903
1327
2167
762
1636
2087
525
374
1531
1011
1460
1656
289
132
184
2362
2230
2537
2498
350
2258
2304
1235
347
264
2074
1330
260
1221
751
1081
1736
2233
863
1836
1507
2063
2383
1661
875
2059
105
1550
1910
1488
247
1124
318
237
861
1316
1708
2120
1881
2229
2081
2128
1738
1436
1321
12
2076
23
2168
1092
1291
2275
2111
827
1781
1862
2228
625
654
2144
7
1000
1144
1904
2554
2109
2194
437
1191
1707
1483
2426
1800
71
1170
2482
2452
1534
2520
2041
1847
1106
2346
2136
167
1047
1129
730
2481
447
1297
2437
286
239
42
932
1890
148
2347
2292
2459
69
1681
2226
2420
2044
853
430
970
633
1228
553
862
566
1420
710
449
1295
202
1677
1094
1394
470
667
147
1947
1424
337
990
272
1971
2492
2468
2398
2138
620
1788
874
2206
1079
605
533
16
62
64
1287
2581
1146
2485
987
1797
1465
1184
319
1984
880
740
57
111
1036
906
451
626
681
1051
92
1224
38
694
211
869
1873
617
41
369
2317
1407
1461
2316
732
549
1540
669
1713
2413
2205
2584
189
2300
1516
1406
207
1859
828
1647
2400
803
1023
2443
2399
910
2073
193
632
125
32
1759
188
1561
119
1519
1375
948
2394
2165
496
1452
287
2297
958
1102
2285
1693
1809
2184
1640
2342
2210
2356
385
2323
422
2539
1199
1803
507
518
1343
2125
1989
1978
121
1021
561
1821
1552
1282
1935
2209
36
1816
390
58
1493
2048
831
1049
2371
2254
1422
1411
1395
2310
1739
1185
171
2057
2366
1982
1266
1975
241
1344
154
978
789
255
443
1538
1271
1884
2472
30
2243
2286
2183
2083
1173
2176
2502
48
2516
245
1234
70
2037
160
14
1040
2271
60
2308
2349
908
1149
1317
2114
1238
2095
2314
2493
653
997
1217
1729
2326
218
10
590
678
1473
2213
384
1104
1772
2529
2369
884
2222
116
1293
61
1119
554
490
2484
2397
538
738
253
2518
2000
1163
2240
1620
52
783
1588
1684
1533
668
1600
2141
442
1130
583
214
2432
433
309
562
1132
67
187
2378
2450
2056
767
