854
2083
817
948
2468
107
2088
1478
1260
2229
971
1571
2154
1404
2087
1064
2275
2458
1616
1626
1363
2428
1326
1699
1702
101
2516
2372
2412
94
1978
618
1526
1386
801
2066
324
738
1759
1868
731
2484
562
2149
1975
1218
1865
164
1712
1225
1980
1958
383
410
958
614
901
1126
1095
936
1606
1477
1267
1378
304
1610
1771
372
1276
758
1632
1745
1522
2161
979
923
524
1334
1033
1002
930
219
833
1398
648
682
1543
1432
953
428
568
1969
2176
542
992
293
484
1720
136
2027
1546
2116
1672
500
459
1274
2437
985
2396
1265
1228
2
2105
2269
906
560
1187
371
566
2442
2380
1026
1112
1834
2368
2059
1515
586
567
1913
1622
474
627
1786
1045
1455
592
2599
599
2457
89
2078
340
1493
2103
73
2243
2123
2034
2562
1821
643
248
1544
2446
2147
2459
2595
1506
1860
1994
1567
243
1409
1504
246
1081
2556
932
2535
727
147
633
268
2255
2162
1694
803
1451
1497
240
1449
1952
1601
1938
2522
155
414
460
881
980
182
2221
623
1402
1056
1916
1911
1931
2543
1017
2094
1599
1425
1700
2280
1491
1443
1897
543
231
158
1184
1815
847
12
31
144
1915
1679
2303
1372
1566
1498
575
1580
108
1421
1136
960
303
2187
766
2314
989
453
1605
2245
902
1878
2382
1162
122
1433
977
1380
715
1589
889
128
1572
1490
718
2597
1936
2398
917
1963
1799
258
1103
462
991
68
1586
2322
996
1988
1361
416
2499
82
455
1541
584
1751
712
707
691
1532
651
2244
1636
2056
1901
2306
1130
1271
2393
1947
2241
1318
858
1778
699
1070
2494
2101
1891
1087
1424
752
1869
314
2195
2153
863
1811
1275
2519
1855
1381
1005
1633
659
555
320
2373
1119
1754
2354
2246
2201
461
1927
61
2061
2360
1747
1841
1360
2337
2276
1486
916
139
1094
984
2072
1120
2166
1923
804
1166
52
2102
823
2009
1557
177
2587
506
2338
2512
288
577
1037
2491
2270
1590
1079
2572
2342
593
259
1278
942
1948
2189
2550
2142
2384
1132
2575
1272
807
1782
318
974
2184
30
1516
1647
655
1533
1511
2248
754
760
1823
488
1456
1780
1353
663
1722
943
207
361
316
354
2318
2117
1266
1093
1880
2214
2022
2410
2126
2453
2347
1896
1429
1944
1178
1428
1793
892
2435
2300
1646
947
1758
1831
849
875
483
1039
480
1072
961
981
2119
2263
146
105
1693
880
2108
388
1445
56
2352
13
1128
2421
1621
1765
685
1158
1539
116
2374
2120
15
492
1704
841
2114
2130
426
1471
83
1729
1171
1393
1640
285
621
1348
46
2266
2376
2156
1631
2068
2438
433
396
1696
39
839
2048
163
825
473
777
255
2172
1730
1585
2536
2295
690
1015
2414
2571
2033
353
2004
2265
121
1004
1135
114
677
814
2271
1637
1468
753
2335
1524
1065
2036
391
1770
1259
1629
1301
1233
1701
757
1256
1268
38
254
749
913
1305
286
1708
1796
1534
1764
2167
2411
1067
667
561
2177
7
1919
1852
430
1232
518
835
352
864
2100
1312
1124
636
1974
362
2577
761
2406
1066
2040
2407
2413
1620
1538
1595
1084
1201
2521
1596
2064
1344
2179
355
972
2032
2501
180
1221
1650
653
178
2250
1181
2539
728
2404
563
1159
59
734
257
1475
2203
281
1591
2324
1653
78
253
604
1127
9
645
1199
2548
1957
79
1489
834
1990
2200
1818
2193
1671
482
1611
582
1809
990
1655
1236
2165
67
2233
2567
1986
2000
2343
2346
186
1680
1559
885
870
1354
1835
2291
1757
298
931
1750
1709
1442
809
878
1216
811
597
475
852
5
2317
418
1063
2095
2168
336
420
1073
2485
2419
1492
1922
2305
784
1935
2498
196
1721
2505
2155
603
329
1890
634
1710
1091
2334
204
2395
1304
1714
1460
832
230
1683
2257
601
429
1535
2226
558
2253
1519
283
0
2344
865
1553
1829
1624
276
1153
133
1391
301
1767
18
1375
2251
381
1210
2471
926
1351
1338
264
282
1623
735
8
1032
141
1547
1311
1400
2554
1723
550
102
1280
837
2336
2293
1857
21
694
2258
2326
382
1772
1111
1985
172
1687
2014
999
51
1342
319
2367
756
1873
307
1560
2455
485
547
1763
1900
405
2050
393
431
2329
2365
1285
1308
828
2236
19
2440
1554
1513
1010
1422
2447
22
2441
345
719
118
1117
2504
1503
1768
332
1933
874
93
400
1791
671
774
398
1138
25
1893
2559
263
2542
836
2353
1716
425
190
490
2148
1902
443
2311
959
1910
1262
225
1992
895
261
946
606
2150
922
2219
228
1845
2279
1012
2091
1872
1826
471
2526
770
2568
1104
637
2264
2452
928
120
937
2320
1306
1908
1820
993
1383
1743
181
973
377
1350
2073
1001
998
2511
447
1139
496
2598
1000
1749
142
2544
924
389
1349
2190
149
1973
1588
491
43
1814
607
1346
1174
2211
450
262
245
786
175
2350
1427
1502
2213
1717
1307
347
27
2474
250
384
2482
726
908
617
872
1077
2369
1238
675
1608
1367
1808
2112
1703
1170
553
2063
2297
1731
2416
1288
1495
2333
2210
1115
75
1295
1235
1726
2309
69
1609
44
724
581
630
235
919
218
1677
876
1420
1861
54
1832
704
616
2137
644
938
1993
129
1843
157
2028
256
1967
344
1551
541
700
217
2574
1725
1487
479
1229
1423
949
2546
349
421
1977
1068
1333
6
2230
1859
1959
1106
1594
740
233
1321
736
509
1388
900
2503
2531
1742
351
2520
1408
1246
305
1613
1109
42
2209
280
310
2046
2016
2292
1325
468
193
1920
1615
1022
591
1525
1740
2460
1536
1154
1397
154
855
2500
955
2549
778
1013
2470
1440
899
1176
423
1419
967
966
2518
1482
2215
91
1165
963
701
2443
2434
2332
96
360
1412
1999
1579
508
1943
585
1249
680
2514
156
2031
806
2450
1991
897
1101
1234
2480
299
1907
1690
2232
904
1074
1118
840
1252
1195
1678
1315
649
2029
2144
215
952
2551
140
2415
732
201
950
2479
2217
2287
312
1179
2235
1450
1817
2378
596
1739
2163
1711
1183
1465
2389
2139
1810
821
850
2086
1355
239
2487
2323
1840
1161
41
987
1368
2043
1661
2451
138
1676
1798
2281
229
829
222
1736
2456
1894
197
200
1251
1635
2386
772
642
2218
1773
598
1258
531
1200
380
74
1924
1447
1401
385
2224
647
2052
1242
1997
2489
2173
1781
1494
2578
2579
1663
1645
213
2490
639
781
1707
26
1979
1776
339
2020
771
2053
1887
2208
1735
1912
2553
1189
2463
1194
635
2331
600
2370
1163
1719
2055
456
608
2312
1345
1461
2528
2319
1107
134
1052
676
57
1219
526
295
2041
124
1657
580
729
1082
1036
868
1439
2400
523
1976
148
2506
626
2007
184
422
95
520
1797
767
1025
1040
1666
1839
2596
463
1357
1658
1464
170
615
55
1724
2282
2449
1906
800
1918
941
2113
2037
1324
2366
578
1156
2143
927
2030
1038
35
797
1627
2145
1061
755
1406
1955
2109
658
1105
220
1552
309
2296
1030
1746
1222
2444
2401
317
1882
66
1257
1769
1509
409
802
1435
2047
788
1122
2125
452
519
798
513
2146
2402
1071
62
1828
1558
1041
818
785
565
1874
1341
2039
1226
720
2545
2298
489
1692
1046
589
505
548
1031
1508
205
2186
2261
912
2492
1273
1160
34
2510
2199
334
877
1058
2541
1981
2328
522
2439
929
1888
891
131
2057
1634
1642
2003
1602
1871
1484
2062
2294
1202
1140
1941
2340
1800
37
883
1099
768
1617
722
842
1047
782
954
2466
2461
805
466
1366
1362
1151
2242
1483
683
87
111
905
1822
1476
1121
1337
2467
2385
1531
2502
1501
33
706
179
387
1838
570
444
224
1987
100
348
472
20
1529
1854
126
2388
1598
1441
1157
2067
481
356
1211
1681
708
343
1582
60
1148
1581
1514
2074
813
2268
848
1131
1003
1954
1652
533
1914
1806
595
2497
1331
109
1024
1008
2308
2238
1713
2272
1129
2171
1394
1848
2538
697
2075
1783
315
494
1096
539
1983
532
964
272
342
1962
907
1949
2259
1231
2239
14
571
2555
226
270
1929
1630
1352
2448
2524
1926
1453
2430
2045
1146
2496
2035
1682
1792
510
780
2387
1909
1898
2051
2313
203
2097
2106
1801
1971
1597
1715
769
2399
1807
440
470
1250
1018
820
730
2089
1217
1695
1197
2002
130
1670
478
1964
1089
810
1395
695
2349
1329
2339
2580
1600
289
2196
1641
1186
579
367
536
997
2021
2569
1753
538
1686
1389
2227
2090
1269
1100
145
311
1014
1438
1562
2129
1294
787
1836
1011
132
1668
702
507
819
1302
824
2049
1290
1659
2552
1414
869
1192
652
1961
16
1473
1556
53
71
278
794
117
1850
1358
1320
1097
2383
688
1625
266
1639
1057
2237
1392
1277
527
487
2377
660
1044
1150
202
167
866
404
1816
1416
375
424
1866
451
2381
2583
670
392
717
1660
2436
1309
115
982
995
499
903
104
1540
2118
2132
1649
545
498
723
751
551
1795
63
2121
867
2158
713
2558
1142
1937
2529
2408
50
918
238
2216
1496
910
1092
442
789
549
808
2397
2069
2013
2267
1945
673
338
747
1577
2493
692
40
1102
2278
2403
2098
2093
363
234
534
1314
1518
370
2071
497
171
2122
1928
2140
437
1296
1934
2359
1293
210
1436
2534
1168
2225
1825
152
1297
413
187
1
1479
448
939
1164
2351
1691
2576
1824
746
2104
242
2234
1279
1347
1248
1651
2586
2405
1921
119
358
84
764
2262
265
408
476
1330
1055
1215
212
896
275
525
306
127
302
1193
894
915
1190
1638
1191
1499
112
427
664
236
504
612
815
2465
1359
564
826
458
1034
2182
166
376
1365
1175
1584
588
86
1528
369
2228
613
467
711
1462
994
1169
940
2589
249
1263
957
590
337
1299
860
2084
1223
1607
2321
576
2348
2358
1180
573
2588
1431
629
1673
110
983
1698
1575
2274
168
1264
1718
1076
559
445
1875
521
1688
2315
1982
1685
1895
1205
2175
1675
2594
1339
1167
24
2513
1612
1062
1021
2231
477
1370
716
1805
686
1240
183
446
11
1886
1899
1662
1998
1903
2422
368
1405
909
1343
1374
2427
441
763
151
514
1417
859
2136
2012
1007
1452
1530
714
2356
244
1779
378
1925
602
978
2424
2127
873
2507
2581
399
2357
1086
216
1042
641
321
328
1570
1930
1485
2585
672
656
709
1196
1697
1116
2301
2533
1328
2299
1737
587
2254
2362
346
1847
2345
1932
294
944
271
703
1517
1996
45
2425
357
1846
223
1500
2081
327
2477
945
1939
1125
640
438
1323
2375
1075
2584
1472
313
857
1856
1593
1537
2204
669
2024
1876
2564
986
434
1521
2019
1244
1444
1942
2307
1253
988
1133
1689
406
77
2316
1761
1050
1520
465
1069
1592
1426
1147
185
1214
206
1867
251
1470
624
1028
1884
620
199
1951
98
1155
386
2515
1060
1292
1145
628
99
965
737
779
279
365
2025
1254
2379
2060
48
2152
1123
403
1048
2570
725
1430
2285
1565
1261
2361
2475
176
1830
2183
1413
1837
1968
1853
2038
1545
1141
2205
395
76
1643
1644
103
2054
1172
1035
2488
537
1858
209
252
291
1016
1317
1706
2220
1480
2417
846
1481
921
260
2008
2042
1573
1152
1803
2473
2017
2429
2283
211
1319
1728
1995
1669
816
2128
2509
88
791
2330
1819
1665
1283
296
557
274
2188
333
1371
1335
748
517
2080
1463
123
1656
1377
1603
935
1085
1849
2454
137
189
1270
898
843
1870
90
1889
2390
503
689
2249
308
47
1989
2141
1298
1510
2096
267
2394
1407
665
2207
2517
544
1137
1794
1173
795
668
2010
464
135
2590
569
1043
887
292
160
1457
822
495
888
2085
214
2181
1956
744
625
1282
1310
397
1744
2288
666
2304
2240
1756
1527
515
1090
1396
2070
2023
976
2302
1842
1790
1785
2222
792
1054
2135
2525
1550
1080
1322
1833
2391
2486
2532
687
325
2560
1203
1220
1059
1812
1863
407
2476
1664
1507
1862
1561
879
1336
2310
765
516
2131
2180
374
1083
678
85
1654
1023
1177
1051
1143
594
1144
1965
1752
2472
2197
1741
2198
1029
831
2355
1777
933
776
1774
1940
844
1604
1458
2005
2495
1399
1512
411
1213
366
572
1078
1549
1134
65
1245
2325
1705
698
657
341
956
796
1459
605
335
390
705
1418
165
750
2432
2364
632
925
439
790
1576
1020
1387
1300
2547
2138
2527
2202
449
58
1403
2099
1241
2464
662
962
3
583
2151
247
1966
432
622
72
975
2110
2092
415
1206
793
845
2206
1904
552
1212
2134
2212
1851
2469
528
1618
2478
2462
969
2409
2537
2363
1239
1284
1727
330
173
882
1542
2159
2082
1674
80
194
2523
2540
951
851
1788
2185
273
208
2327
1313
2133
574
911
1379
1488
1466
2247
241
1766
1384
853
169
1755
1369
1648
2026
331
1548
1748
2593
188
1281
159
1564
1243
783
1255
2582
1732
1204
1198
2018
1984
2392
1437
1555
195
741
2277
773
