1305
1432
419
537
2308
1982
690
2050
2410
529
821
1194
1655
1408
2396
1585
1532
1786
2016
2279
19
1979
726
1310
1981
1650
1667
64
316
865
198
1119
470
317
2454
1523
1109
1361
304
2237
610
1012
1513
2271
183
2427
1325
1793
1542
1908
186
633
378
2472
312
811
722
1028
22
1637
1584
1441
1043
2584
1375
62
2130
2044
1527
1874
645
1005
2009
634
1197
606
1082
1239
2514
1118
667
340
156
515
2175
832
344
940
1199
318
1373
2082
1319
332
1927
2023
1949
478
2536
1574
593
1507
953
2387
1867
574
2446
182
1733
1863
1985
54
1362
2362
1017
2019
882
1029
1100
490
1279
2043
1333
1307
1123
439
646
1457
1821
247
354
268
948
1553
2029
2464
712
599
2087
71
1102
816
907
2158
393
818
1354
1694
2587
2435
2036
1363
17
862
2394
2351
2328
2018
1918
612
1609
90
461
1474
950
2385
2077
152
2442
356
1644
128
424
866
1399
1235
2290
2085
670
217
25
993
1042
307
1393
200
492
2173
2047
1509
1328
2180
292
2420
2166
769
1936
539
596
1516
379
166
757
2115
1559
2174
1343
1753
2147
2039
1438
1603
1615
300
2240
1397
1759
205
1128
467
2500
196
2113
656
1135
2017
133
2510
411
1485
252
15
2188
848
2092
760
357
1715
2594
1807
2507
499
36
1424
101
1581
2541
441
1266
263
1814
1366
572
1218
968
210
202
1228
840
1732
374
1876
1251
83
1597
1528
864
1885
1606
1799
2124
889
102
2364
1158
1294
591
1191
2075
1081
2518
1306
594
1948
525
16
161
1506
2088
778
716
1784
847
319
615
1431
2236
269
2527
636
293
1846
451
1259
270
1785
87
254
1761
2183
1466
2000
2414
1471
913
777
189
1911
1751
286
280
703
1947
941
2378
1372
1763
1358
242
1316
2408
2139
2142
2251
1039
139
2101
308
790
1894
2195
1576
2437
2298
841
1657
1991
427
2471
773
1997
85
1348
1190
1706
375
233
2423
2593
1633
362
1830
1737
1110
2292
2579
1687
2368
1089
1445
2254
1312
1704
1620
844
138
1159
2010
1293
383
1827
56
2153
1860
1677
216
2129
1529
1840
2538
1376
1322
1852
298
2447
1917
1037
1651
603
791
1522
2452
1878
1243
50
2066
330
429
273
2456
1897
2460
2197
1001
8
1635
2140
65
1175
637
1758
2138
1066
1450
1998
2194
1414
810
2246
776
582
279
322
301
1407
2235
3
1923
930
1518
527
717
2313
1458
339
172
2459
969
498
1498
1641
2321
1070
1647
1881
257
1011
2422
1639
2522
1699
761
1295
1084
1558
957
1579
869
792
278
578
2097
1537
2324
871
2586
896
1828
963
1491
966
938
609
1038
2264
1748
805
508
1149
2219
1435
908
363
1405
2156
1442
890
33
2549
1611
2583
88
2575
2122
1468
2221
105
2366
2352
1428
1589
586
1856
861
364
338
7
2126
1418
2230
1592
530
1812
2131
2391
1638
38
1836
2327
2374
315
2367
241
1693
2451
232
833
2067
2094
2112
952
1490
1046
683
1024
1618
1236
1904
2397
2334
1708
442
2160
466
1380
2229
1843
168
2555
1901
994
2030
973
2031
1417
1622
410
725
80
502
483
2191
1345
774
158
1921
1752
1974
1958
665
521
1670
2218
546
1764
1430
2373
1410
2227
1196
1087
1987
1253
926
2168
422
1069
1240
2266
2090
2181
2533
2599
1174
2484
2233
1390
1839
1842
1101
2205
1938
1381
1567
909
2258
981
1679
2491
513
1161
256
191
1854
2111
1588
1167
2032
1969
2388
1374
858
2135
1777
2529
2207
1746
2176
1731
1394
358
772
1178
2596
1473
1613
482
2346
1337
1907
1995
924
1957
266
570
1275
781
2103
68
2476
2202
1008
983
134
1736
737
571
98
601
212
1898
752
1660
731
543
1888
1601
549
2335
284
176
2505
577
698
464
705
1690
2215
1006
1771
516
150
551
2390
31
43
741
987
793
1800
1920
448
1021
2493
321
2241
1269
707
260
542
1068
1790
2444
1873
1388
1465
504
1350
995
396
2588
894
2064
713
53
2203
1122
2293
2167
1986
1640
2384
1934
1713
416
235
295
2078
1883
507
1780
2015
328
201
287
2572
2014
2289
2322
2105
230
1545
1257
662
1165
13
888
92
1789
1906
652
445
1467
1709
2024
935
403
1182
1710
1919
1088
1580
1960
2026
122
1544
1825
2576
351
1075
659
1476
110
706
1549
2340
877
1820
221
689
1678
1624
109
1353
954
276
213
1695
63
373
2567
1547
1510
1449
1586
1124
505
261
1996
326
2220
715
2316
1850
1594
854
1132
1340
934
1653
1950
1475
576
2276
77
2389
2348
1849
21
514
2143
735
345
1619
2448
1977
2512
1157
1972
1684
149
1095
2468
496
1067
764
849
67
2463
1130
883
971
143
1696
1902
1057
2034
775
1702
1185
450
1201
2358
1726
1250
421
104
2184
2063
2568
749
965
1794
249
2260
1689
2458
2434
1896
1120
898
163
2449
1900
2056
2161
679
1747
809
710
2543
702
2020
1273
1602
1539
592
468
1630
2268
611
1933
372
538
1845
1453
1315
1050
2141
2192
1700
2061
1534
1612
1889
1718
1730
2445
1116
727
1246
1756
360
921
1320
476
750
425
961
2526
2495
837
343
1643
1108
1668
1427
1216
1922
2051
1824
1604
1289
796
753
1782
2109
1245
2417
914
117
693
885
632
962
1649
185
2123
2457
1543
1841
565
26
2461
1274
55
758
1608
638
2508
1308
1172
1939
2291
1162
553
891
1114
2404
452
2164
1292
1170
1286
619
487
2462
1903
1090
2370
2310
2400
111
923
540
400
1179
51
602
2578
653
766
1000
1844
1248
52
868
1859
1570
2499
2120
190
876
1300
136
985
875
509
860
2565
1056
1967
346
510
719
314
1423
1015
222
1880
2415
2307
296
208
1823
2234
1501
2059
2535
744
2052
1511
265
1324
2253
2421
1671
188
348
904
243
206
956
575
1098
1268
580
2483
30
1494
2157
433
1872
1953
1607
1002
1281
2259
1757
2580
2479
99
2551
162
75
2563
616
1134
1674
1864
368
341
798
783
1113
1332
878
181
1329
1051
1774
1044
1899
2214
695
398
2305
229
1244
1377
2591
1126
1767
922
2083
2524
1429
371
1464
1685
2296
259
2405
714
1561
2283
1682
1796
2315
497
2546
998
657
2282
131
980
2165
1642
1258
2053
738
1455
618
857
2003
988
1004
475
1327
900
1760
2035
2297
1297
1686
1398
251
0
1106
381
1215
595
2354
1582
2012
964
297
815
455
1301
946
1826
836
1838
807
512
237
407
299
2534
1139
733
694
1009
990
224
2372
1652
24
1593
1489
1296
2027
1452
2217
989
2080
120
1955
789
2424
1022
1168
2519
1990
2055
755
1891
826
154
1420
2309
1648
605
1813
942
2338
2222
1062
620
2145
585
302
215
718
1587
1145
1047
1928
123
547
2353
2399
1425
884
711
2301
1822
873
1403
2033
236
1861
1451
1400
1184
1610
2209
684
313
462
1701
1847
2426
625
1717
1734
1288
675
262
621
1994
12
1368
2523
417
1338
892
113
1097
1104
2045
629
2504
1299
1192
2275
1336
643
1166
1030
1662
366
1304
1992
831
2154
955
219
501
1048
651
2475
1605
1339
997
1621
485
2473
1385
2343
2323
2096
2425
147
787
720
2155
431
743
642
1520
218
2406
1776
1775
2339
1980
1073
927
1058
1261
1478
2013
225
2099
2375
1524
648
959
2116
1598
2172
1426
2553
2513
1125
996
1053
2357
2552
2487
804
1788
1937
2028
1422
350
544
2363
584
197
285
1401
785
1406
617
1554
2319
1205
1188
1367
1890
1262
1282
1808
2382
440
1311
1909
1314
1741
1743
1260
2072
1988
1735
739
1868
917
1313
1477
986
294
1378
1750
477
1818
1023
1212
2159
919
780
2058
27
797
1080
2189
472
604
1940
481
1654
1829
1503
1085
814
1456
2332
1094
1952
2395
1463
649
1803
975
1171
361
2467
2566
916
228
2430
870
1879
178
306
2478
867
369
81
2539
1632
552
1346
234
1138
1519
1658
2498
1018
852
541
275
1551
886
231
1665
903
2008
1631
240
991
281
677
2411
2564
802
395
2581
480
933
676
1096
1153
680
732
214
1283
1365
1347
2314
2089
20
1815
1105
1819
1791
1533
567
1049
1719
729
1221
1779
41
1211
845
305
784
342
159
846
1659
1133
1556
2110
1330
1052
220
290
674
1993
2383
1508
939
1040
95
1538
2528
459
1447
2570
872
2550
1265
2432
2006
2210
2169
2007
937
239
545
115
1766
443
2040
1142
2486
14
2532
1152
1835
2287
1309
137
853
982
258
267
359
2178
274
1155
70
2520
2106
1562
1804
2413
1287
972
29
60
1569
1219
1769
2093
943
2506
2349
46
906
1707
1914
1762
1436
2333
2488
1725
1234
1232
2509
1552
245
494
600
1156
244
164
18
579
2086
2148
2329
142
2341
2041
912
1884
1065
2347
324
114
2412
2306
2416
2376
2225
1083
2152
639
320
1978
119
291
1492
1321
622
1745
1092
370
2248
2330
2320
2284
146
2201
842
2344
1137
437
1241
526
192
801
936
272
1272
288
2303
1331
911
1976
394
2559
1202
828
10
1103
1975
932
404
2285
2270
607
1129
2079
2502
1754
1714
1540
1572
863
1107
1515
132
1566
2598
2091
1656
1186
786
2150
661
253
207
2119
2049
140
223
1360
1233
583
2530
409
1571
1487
1916
1016
9
1482
1915
454
1770
309
1230
531
118
1278
2212
2428
406
800
2224
2398
112
1220
204
1421
1787
2179
397
910
1060
386
2517
458
2562
590
1225
1440
1944
829
255
568
808
1072
2569
48
1267
1276
456
2480
271
493
153
69
563
1573
1729
1493
1209
2356
1395
692
1369
2492
165
1229
352
1059
1227
129
1146
1502
640
682
1531
1712
367
1837
1396
1892
35
1026
2118
1555
1925
2419
1277
1505
329
171
1210
195
1302
1526
74
1614
2274
1870
1521
503
2433
1999
2255
325
678
1076
2243
1255
415
1792
1099
2057
438
2573
763
474
534
895
1078
2193
1929
151
435
554
405
1636
187
1550
2250
1033
1716
1364
1074
2429
533
1224
124
37
2263
624
2361
1027
2574
1238
700
2076
1887
2102
560
644
2280
1577
1140
390
11
931
747
2127
2597
1020
1851
597
2272
2065
2542
1355
94
520
1563
1271
1415
1045
155
721
1857
2261
902
100
960
1036
2257
2304
106
2537
518
376
1910
666
336
556
2409
2545
1810
2558
1285
82
627
1811
1858
203
2269
918
669
1961
978
724
2121
2068
2037
1419
2365
145
2022
736
169
2360
1207
569
2177
180
709
1959
1460
822
1193
1206
915
2300
519
1963
392
1488
1629
2557
2107
453
559
471
1806
2239
1560
647
1905
2577
562
73
824
905
1379
1270
613
426
2590
2503
1409
1483
333
1817
2244
1448
1176
1942
179
444
1131
1742
2206
148
631
746
135
2312
879
626
2582
795
1061
2392
770
385
835
1470
1634
2104
2531
2554
347
1383
685
418
402
86
1946
1683
2163
2592
788
830
79
449
851
1055
1688
1303
2355
1317
2585
193
984
1141
479
93
2402
947
355
1499
825
2182
1646
654
1932
1484
1223
2074
765
84
2501
1691
970
1411
2589
1954
1252
517
1956
827
1512
881
2556
465
2108
1738
2132
2465
929
1335
1433
977
2477
672
1541
1500
976
2046
748
1198
2
820
1462
2084
78
1144
1728
428
2144
1
2318
391
2393
72
855
1160
1077
1591
2001
28
1222
2494
1035
423
1749
1816
2134
1831
1352
1112
1459
1680
2185
2190
536
1054
1290
967
2187
1091
2438
1722
2231
2470
671
2403
97
2497
1525
49
2081
951
1945
311
1318
1254
2401
1616
1989
2386
399
1855
1439
1437
1578
2294
1599
1392
887
1893
664
2137
688
408
1404
174
1495
1263
1189
1151
1371
282
2288
1970
473
1136
1284
2128
1596
1203
2073
1387
1795
768
754
817
1798
2548
2171
2125
1187
457
874
1802
608
2100
799
511
2095
1014
1941
2038
524
1514
506
1003
2490
974
623
2311
528
856
2277
2359
1242
488
387
264
2326
734
2295
1664
1871
1720
199
2337
91
687
1548
5
1625
1117
614
522
532
1833
1034
491
756
1557
1964
2336
699
1832
47
2371
2204
42
668
535
945
838
1568
2002
44
1935
1951
1031
1984
1195
1772
2216
184
40
1565
469
663
859
1590
61
581
1666
2547
588
745
1536
686
897
173
380
1886
2302
1446
2380
1342
564
999
823
1943
1280
1249
566
1291
1384
1173
1351
32
414
177
1962
1628
116
691
2286
1213
1773
759
2256
893
1237
1341
2561
2054
1862
555
1575
2317
1032
1208
157
335
1781
2149
1595
1019
558
2439
587
2521
1983
561
167
880
388
2208
650
2011
2199
728
1968
1298
1744
2021
2136
1535
723
2436
2407
2455
573
59
2345
2162
2299
250
523
2325
66
701
1875
246
432
655
1497
1809
1676
1472
2071
762
1496
1443
2540
289
1200
436
389
2200
2515
1150
4
1661
958
2267
2431
334
1079
125
486
1645
944
1530
2238
1912
1869
2595
1389
1583
1007
2114
598
144
1924
2441
730
2133
2226
1025
1143
1121
