989
2382
490
2281
981
1012
2120
1550
1014
248
1352
888
569
300
1477
1661
1183
503
1767
2306
2406
2481
2193
170
457
1716
1103
1996
1663
2296
1958
779
1852
452
1851
972
929
304
1398
2201
1830
1696
2459
12
334
2587
1016
1144
1053
693
1026
923
2471
1170
1099
13
1190
2366
1279
2214
1773
1061
2546
495
596
1602
288
479
725
205
1233
1348
298
1959
1719
1042
1970
1255
68
1427
75
2040
1527
2361
1755
2309
246
324
364
711
597
403
2219
1455
195
626
1237
1573
1440
2122
2093
325
2017
167
192
2567
1728
837
1007
613
584
1093
259
562
1646
2211
239
671
1433
1568
1480
657
314
954
1920
722
313
2098
2154
2246
352
1003
1825
2547
2521
1472
2223
668
444
1122
1193
1189
1564
575
1070
941
27
874
1336
832
682
368
1062
998
1191
2251
2075
1845
609
2229
1152
550
83
31
2397
1541
633
1828
1456
1762
1290
1394
184
1251
1682
2142
1338
1474
222
604
1392
747
353
932
713
1676
2354
1453
1681
180
1563
196
1292
2
1095
2542
1815
1571
1705
547
1240
335
809
1081
2047
152
2449
2255
601
849
1637
1673
640
1116
1826
1395
593
2456
598
1159
2121
996
2470
1711
219
735
1800
1751
1410
1487
988
2535
1052
1171
266
1636
1534
40
2095
816
1303
223
2059
2392
1109
176
318
513
765
1611
1196
579
361
2064
1625
1559
22
1891
2090
2190
1419
1308
2204
2145
678
1211
838
2105
1219
1832
2358
427
49
1603
1293
2112
1969
921
231
700
1551
32
666
795
1320
1039
2171
532
2330
2256
2108
1847
2085
2199
586
624
500
1001
147
1148
1019
487
912
2474
2585
524
893
2083
994
151
594
975
2118
582
798
1150
1381
1838
480
337
346
697
2596
1612
115
1249
1549
2109
2442
2050
2551
1018
1417
2439
2525
1054
210
2116
2110
1957
1044
1187
1154
1377
1943
2290
1221
409
1953
355
1276
339
1390
768
1617
136
2034
2387
687
198
835
2033
852
600
1268
2385
1121
2523
2104
857
7
2049
2106
208
453
2541
2472
960
571
1679
1519
2423
499
736
1259
743
338
756
2297
2443
2023
1275
2143
786
2159
1076
421
2250
1439
2010
894
1627
1871
380
15
1586
976
1370
1720
1358
23
1537
2067
371
2518
992
1141
1867
106
631
1973
1100
1740
955
1576
830
2135
501
435
625
1108
2038
2318
695
449
738
905
537
1231
1343
1500
502
590
847
1198
836
1059
1462
2360
1657
1432
1597
1225
564
1884
781
2169
1713
1267
1396
2156
1966
2524
732
2552
1481
920
1310
556
1656
67
2302
1248
1403
1615
411
2228
1043
794
2155
1366
2195
1902
1045
553
884
939
1725
1157
1239
1080
2402
2127
872
1575
2352
1030
1090
1508
2321
2349
53
2151
1273
1430
1385
1616
1934
56
392
823
1978
689
916
2440
901
1689
801
2494
899
265
1748
1096
1590
561
1114
2262
301
2590
746
1270
114
315
1242
130
2592
1464
844
253
918
2144
2268
2562
303
1473
1909
1281
404
1250
1087
2178
1260
1337
969
1060
748
323
867
1877
999
1049
1013
702
2147
1123
1258
1520
2572
551
2323
663
2478
1309
2282
279
2413
37
865
1009
1186
656
1498
2346
1806
2239
2527
1409
2437
2035
926
1484
778
1105
2376
1690
523
2225
2028
1050
488
1904
1954
2295
199
1194
1128
1347
615
1271
38
1075
1842
132
1368
446
332
2453
2157
1399
64
302
1530
1702
2009
1545
373
2172
2015
2500
2430
1622
2573
33
1006
2375
1214
2087
2037
1660
2589
2119
892
1048
405
1055
1172
34
648
48
1218
328
2019
822
1972
2576
2377
1777
287
1412
1729
799
1997
1524
608
813
1375
290
1197
1543
539
804
887
1283
1567
2099
1642
2501
201
587
227
1282
744
1401
2089
1247
1328
1356
1552
517
861
1092
1734
1064
1350
1866
2244
873
2584
356
20
2591
1956
1834
2496
2080
2264
642
362
1490
133
1391
214
2400
1004
2030
944
2133
649
1434
1521
727
1209
1134
194
1280
2455
2191
2114
1304
1479
2265
1174
374
1188
400
917
559
2103
225
2419
1074
956
1127
1893
203
118
120
2252
2583
98
2513
739
878
87
1820
2416
1795
382
1115
2431
1813
2556
1005
1984
990
228
817
870
726
399
2008
1805
1797
157
1175
896
1977
770
1601
1951
635
1056
1722
1486
645
1976
2173
2014
311
2284
510
437
1466
2487
1763
2314
2266
94
1119
985
1881
1931
1422
1291
549
805
2380
1437
278
2545
124
1686
1757
1619
113
235
2134
425
1566
898
2404
2267
148
1195
974
2162
1140
1298
1182
533
1269
933
2488
144
658
572
1178
720
2484
629
2310
1205
2182
1940
1787
2046
825
1313
1793
1220
1384
2260
2241
681
973
50
2167
99
30
565
880
1885
2016
1208
783
1864
1342
603
2537
2465
769
1890
980
498
1435
610
2362
14
1297
1129
555
1906
1807
1613
143
110
2279
2438
2548
1987
915
2131
1863
667
2026
1185
91
1404
2505
274
620
85
169
1331
46
712
1935
8
1447
413
673
875
1993
60
1389
900
1875
2498
2128
2129
255
2269
573
964
2557
117
2001
797
2401
1022
2560
2303
1339
807
1451
2217
2253
570
1786
2370
116
462
11
508
1905
415
2339
1423
2503
1684
2272
2578
224
2197
731
1502
761
470
1420
386
1647
619
714
2473
1582
1641
1306
1600
2257
1665
1156
605
1775
494
526
2168
1967
1658
159
389
541
1756
1776
1554
628
72
1213
1227
638
1803
378
257
1450
566
1257
1230
1179
1274
232
2006
679
408
815
2533
1442
1158
1168
442
2152
2593
2205
2053
1072
25
2582
630
850
1761
826
1963
1426
935
401
493
2320
306
1895
1721
1882
2183
1841
277
2351
2073
138
2384
1938
280
1743
543
1774
1431
922
321
1659
1785
1804
2176
1738
1252
234
2355
2566
1037
957
349
439
369
1035
2224
1666
1687
1302
2292
1533
441
242
2003
174
472
2507
851
959
365
41
1548
9
156
2526
723
2468
376
527
2058
1547
2069
1017
1253
574
800
2364
1886
812
1964
1176
690
777
1583
1315
2054
319
2333
1514
1844
1111
1901
1147
1305
1644
854
2516
1235
1202
384
2056
1944
646
2207
903
691
2334
1069
1110
1528
552
473
0
88
424
59
937
2140
1608
21
1330
1709
1489
1694
2359
1609
1648
1677
821
2447
2595
1595
2581
2115
1824
121
1535
1819
65
1286
2427
1910
2248
1143
1318
745
1668
166
1919
105
2564
1278
358
258
1246
2580
1736
674
458
459
2220
522
2510
1421
468
2227
516
1097
2374
1497
2160
1136
1837
685
1683
45
1560
1675
327
2185
931
467
945
961
2210
28
1351
1505
2181
1509
491
706
1811
1166
1839
774
320
767
1939
1936
1982
544
395
1285
864
655
1027
431
1678
200
477
1605
589
448
218
24
270
2512
2057
379
1507
2123
1664
683
1732
2422
1529
1843
2454
680
1899
2489
2308
1924
567
2065
741
393
35
2550
43
1379
1181
2270
2132
466
1411
831
485
1376
1562
707
1300
1345
155
95
1897
2586
47
2575
3
1916
621
2286
1506
486
211
2254
1513
292
2048
1126
907
2259
1536
2163
1778
740
1416
1206
2234
2086
1574
871
1794
2411
1446
1491
1418
2448
1579
1406
694
1254
1643
2100
1766
814
506
36
904
2164
1831
2418
2011
675
1226
583
2242
1629
2532
749
979
1138
267
1631
1624
1263
107
2568
76
1835
869
341
2420
1355
92
433
39
696
1104
1201
853
828
538
139
1408
855
1628
430
1991
1671
881
718
436
1402
1858
122
2405
791
187
1771
859
1588
2579
475
1674
2491
764
840
128
1523
698
2076
2386
1859
390
1868
839
2577
57
934
190
10
1341
2332
1855
729
902
632
580
125
163
928
2274
1359
672
2258
1974
460
2463
845
418
1184
2158
1569
1737
2102
2506
715
1892
281
773
2331
755
82
2240
651
660
97
1058
450
2341
897
317
2031
1769
220
1961
2558
1989
55
595
1577
1715
1526
1999
997
987
760
1540
1217
2528
250
2441
1367
1746
1986
1149
568
2261
983
1228
1821
833
249
1277
414
1448
350
2194
1413
1512
1907
420
2565
182
73
1876
141
2045
1802
1038
1717
268
2061
1200
1284
546
528
1783
2325
412
1454
1295
860
1262
126
2410
309
2342
2426
2107
1618
1662
2417
1234
1112
1544
429
329
2499
2450
111
293
2020
1758
1995
1317
1822
710
1511
299
171
1872
2559
971
2502
1518
754
1779
1449
948
1929
233
1801
938
841
1024
1407
776
1790
336
1036
2066
1908
1692
1703
2013
1040
1468
1784
889
2348
1107
1478
1968
1139
1522
1780
1862
2055
1772
2345
1261
716
2391
882
1874
2415
876
2483
396
2062
1914
1880
2124
2130
1638
1927
1067
2519
1932
1393
1429
2283
1503
643
1032
1034
129
2175
1311
1245
1928
305
1558
2230
407
1051
230
2538
2203
1346
1516
1460
2597
914
1903
2338
1782
2369
1236
285
416
331
81
2477
1084
1133
216
1153
1898
785
2161
1525
333
978
662
2097
1879
181
950
943
2460
2070
1896
161
2433
644
637
924
2111
1655
1361
1607
273
2278
1599
2428
2137
297
483
308
202
1946
2148
243
44
1329
1145
61
946
529
1165
2041
62
611
2389
1693
1971
1162
577
641
1873
2043
17
750
455
1319
2571
2117
1065
1021
2042
2475
127
1992
664
1496
1438
2039
659
2490
542
178
2081
2077
1002
1923
2150
1499
478
1085
1945
911
207
1265
1324
1630
842
910
2373
1327
1695
1911
1485
2343
272
2327
276
489
1102
995
789
704
670
149
291
1083
1669
863
1670
599
2138
602
1363
2275
2196
1400
381
721
262
2381
1151
1101
1948
780
1913
74
1415
2365
1357
1244
345
1539
2313
1325
1222
737
1106
1570
1753
2304
1701
213
1215
2482
2421
752
846
1173
1131
890
2378
1082
1380
2174
1204
135
1414
1495
1744
758
1353
354
1829
1596
1912
1130
351
2390
2574
26
1980
1818
771
843
1759
2353
261
1299
607
2078
2522
71
2434
2466
1798
1922
402
585
397
930
1614
1840
1651
1465
1091
1853
188
1373
906
84
677
2495
206
913
1199
1584
531
2508
2235
282
1142
617
1710
1632
1979
1704
1918
271
557
766
66
1988
359
1023
247
2569
1475
312
818
1321
2238
578
286
2457
1492
2570
1015
1371
1046
1817
264
1334
2326
936
1135
2231
1860
2467
2319
1598
1730
1538
2445
1739
1301
2170
2462
496
636
2221
2068
175
1397
2412
759
612
1146
1476
2307
1688
1792
2051
445
1335
2539
2493
197
52
1387
734
2092
406
504
1132
2180
476
377
1316
1314
2153
131
2004
254
515
289
158
2350
2027
1098
1565
2322
772
2529
1405
1724
1340
1177
229
2317
2540
953
2298
684
2271
1594
284
2446
1457
2403
719
970
1561
1546
1333
357
1517
70
310
1745
419
2029
204
1463
909
42
54
1812
1975
1998
1025
146
2060
1469
2012
1488
1823
1941
792
1810
2340
1445
294
1443
591
2074
1749
189
1808
100
676
1349
481
1212
1942
762
2218
1229
1861
1691
1635
1965
1531
952
2329
2188
29
868
451
824
1639
829
1011
2146
18
2044
701
966
1846
2461
856
343
958
1789
102
1094
1117
183
2216
1857
879
520
1915
1088
530
1587
1312
1444
173
463
977
1955
2233
428
1917
1077
140
2504
519
2492
2436
1634
554
19
2007
2452
949
434
474
730
1581
1950
1836
344
2213
108
1374
1680
186
2094
1733
2476
2036
2425
588
1557
2367
1532
1224
2368
307
2363
90
1878
1814
2165
1900
2301
2398
1378
2222
1606
717
1770
482
686
93
796
1741
1243
162
1382
86
2139
2202
634
1322
654
2000
1791
618
2549
650
2399
1735
1572
1580
1047
221
563
1816
1515
2113
2444
1962
2022
2408
326
525
808
2561
962
2249
2598
322
2280
1960
1071
699
1592
507
215
1163
2263
1706
1869
708
1504
360
2305
1699
391
1848
101
363
545
1591
661
1344
2021
63
78
471
2232
1764
2277
410
2588
1
790
1326
2515
2300
1553
1232
1731
1033
2212
367
782
2311
622
787
2388
237
423
1621
454
827
2179
2464
877
5
2497
1856
2005
1589
2312
1266
2530
2543
540
4
2424
2198
1289
2469
2125
2288
1000
2079
806
2458
330
1685
1947
372
614
947
848
2554
2126
179
1985
858
1672
1555
283
1120
802
1383
1388
1079
2435
1428
927
967
1633
2347
669
1726
895
1712
387
1578
560
154
2136
2356
951
426
576
2088
751
2226
866
241
511
2553
536
1471
165
1752
244
2531
1650
2328
1360
1788
1296
1203
238
177
1827
1854
647
819
193
340
1626
1424
1066
1796
2344
784
2299
2555
1307
1288
51
1747
1458
370
2166
1008
275
993
145
447
251
592
940
757
464
1028
2599
1264
886
820
811
991
1990
942
2243
2414
1063
1921
2247
728
295
1192
2511
1459
1124
1883
96
1010
385
432
733
1933
1645
2451
269
150
217
2396
1768
788
2237
137
2208
2520
1041
1118
1068
810
1216
627
2294
1926
134
2101
