1950
1738
970
579
655
1220
1012
1526
505
2038
2446
384
1779
345
2164
201
1629
49
2563
266
749
2455
1659
1998
2107
1134
762
564
2538
750
2012
439
1420
503
194
923
833
1289
708
188
2248
2266
1087
506
1484
1922
1570
1349
1078
974
1786
2559
1230
1321
1504
469
2598
626
742
2432
2091
1464
1521
1039
1635
991
1603
299
12
961
1056
387
2239
721
1625
422
112
2108
2136
200
209
1272
717
1222
1750
1081
786
1937
259
931
197
1498
1058
16
1941
2181
2487
2418
229
896
2582
2044
396
538
1143
814
2409
1931
925
1829
919
1042
2270
530
1492
1333
228
642
2144
1866
1971
1111
1755
957
736
2070
2558
543
2417
595
1294
768
592
1773
1274
981
213
1611
2304
1299
1309
1485
1427
415
855
2396
274
600
1741
148
652
1510
292
404
646
841
755
1197
1828
763
1393
1169
764
2267
2145
938
77
815
909
2324
577
1452
456
32
2359
416
1867
2530
2226
620
2504
2445
1331
1162
1090
1124
2220
1860
2148
1278
1891
253
1991
1864
1589
2340
1791
1903
2416
1430
2371
2065
1076
2422
1241
928
1808
1993
670
1777
2344
1149
1083
1454
2054
1049
1579
575
93
2234
1148
1955
206
1206
357
1540
1412
181
1724
1146
2528
2475
1362
2346
434
1351
441
1705
1156
893
1152
1186
2191
904
1559
1906
2210
1885
843
1085
1739
517
219
1794
648
1387
1104
389
2080
2326
2254
1790
210
2176
1255
541
2104
1901
849
1347
1804
1285
54
1952
668
1016
1507
1593
453
1314
63
457
640
1954
1356
1533
69
1243
1436
426
1797
599
2363
2478
570
2535
223
273
1496
2052
2
307
2062
1538
1838
1994
511
551
227
853
1178
533
339
122
968
2336
2227
338
466
823
1598
1399
713
296
1392
1359
2521
1501
173
1468
1910
1789
2587
616
1843
1787
428
2211
2100
2256
2525
722
2506
576
1109
607
1951
2343
139
53
625
2378
2588
2221
1442
127
1462
1238
37
727
2420
1887
1939
2546
1159
107
552
2534
895
950
1214
2561
31
1201
1031
686
572
502
734
1781
846
956
1258
1103
237
1176
481
2102
858
520
1835
226
1535
1465
397
512
1095
965
61
578
1687
2014
1759
1
1212
2060
1302
743
196
1437
920
1818
1848
1859
1033
1719
2061
1477
1728
239
1731
660
140
1215
1900
2082
269
1616
473
20
1767
64
1594
894
994
366
818
182
471
1747
316
2564
83
465
1647
225
470
1683
830
88
401
333
1139
529
378
247
128
254
1460
1298
1086
2099
2316
144
1685
1811
954
2481
230
1940
508
1879
1751
231
168
1332
584
1863
863
1233
988
733
2093
2231
8
649
1670
1177
933
1668
443
838
2156
1989
2006
1783
516
2395
2257
496
2426
1692
1336
84
1326
1681
2076
683
1179
725
208
1927
258
1676
1480
211
609
114
294
100
587
157
2461
2443
447
288
1622
906
1221
1967
821
881
10
1543
2165
30
1582
2138
1544
1805
982
1172
367
1457
1271
485
651
829
1189
1463
2334
1849
2281
1519
690
265
186
837
1490
2519
2159
318
1909
129
2438
2163
1841
669
403
82
688
2474
1157
360
2365
1432
1185
2041
2314
1536
1339
1003
2067
76
2297
256
2485
1567
1884
662
696
739
2392
2230
309
1881
433
1516
2320
1431
99
558
2295
781
2117
1865
1796
1408
788
1205
1907
170
1868
1698
998
1904
2174
203
224
2376
217
1402
2524
703
75
1237
738
958
2177
48
2032
1147
1239
1935
915
1350
1711
2543
4
1250
2382
1716
2329
1158
236
2194
1493
1778
323
490
2384
1919
980
924
2057
1136
1121
857
1461
1213
800
1861
1204
581
2339
817
413
446
39
289
2301
732
2158
1660
1089
1549
2277
2247
2268
1337
1416
2523
2072
710
145
1011
2574
1729
1385
1449
1066
744
311
1655
117
1913
1151
2287
1235
2325
1757
1926
126
1847
1800
2016
1896
1248
2237
946
695
2068
569
2578
2173
1930
2366
2462
1067
2431
1286
591
2143
2232
873
1876
2218
1073
71
1856
59
1609
2033
497
1862
1311
1277
2199
1165
679
2447
583
1098
1558
2347
1721
1925
22
1645
2599
674
412
748
455
1762
1809
1084
172
542
329
1527
68
917
2188
2542
1537
488
125
1445
635
1600
2398
685
2007
1275
2035
1520
2195
1708
424
492
2131
1459
531
1273
1595
984
976
1523
2113
1688
751
1500
2283
654
362
1562
142
2050
2017
341
1658
1001
2333
353
464
1322
430
1976
423
1435
1699
2263
2380
2585
597
550
1552
999
519
661
852
2229
1979
1840
650
870
2512
2467
2313
1986
1761
154
1812
2393
1130
78
1005
1571
1072
38
1684
57
2526
2536
1975
36
793
914
1023
1892
2084
1934
993
1483
370
199
2077
2290
1119
1717
1799
2436
2406
2318
2352
377
2452
1122
874
285
1981
2203
1872
1988
2022
2583
1330
1396
2317
1455
2294
2458
1888
935
639
1933
1052
215
1051
1895
1972
2031
1093
1686
2245
2548
2095
1732
108
1106
1163
2075
2358
2225
1242
1384
1821
1208
2180
2332
2282
1727
234
820
2209
1217
509
553
610
1491
2154
765
240
812
2208
131
2539
2569
2448
6
390
2441
2440
1434
1407
1769
1383
1053
2217
1348
1145
2435
1792
2215
848
267
900
1252
1588
1921
1133
544
665
1406
2125
773
167
51
432
111
368
697
2198
243
155
2146
825
2147
1827
2078
2497
656
926
1110
1700
590
746
1202
1451
528
2381
2544
1284
802
1283
394
2414
1154
2577
865
2001
527
580
1689
966
666
2055
637
1499
1227
2004
344
1607
535
1746
2466
98
92
232
807
555
614
124
1956
1992
1960
314
1135
1984
795
707
2049
1409
1257
1282
2005
2003
1113
1270
2169
1680
2356
160
1116
2520
621
2483
1065
548
1970
1561
118
359
2183
1373
2531
1831
2000
1320
664
2089
1803
1785
1801
134
2556
518
1310
2501
1125
398
2495
594
1525
1673
2202
1367
1376
2576
2088
827
153
2423
1340
371
1854
1030
702
2387
1379
480
1355
1770
1004
1573
2353
1048
2204
1709
1923
2510
163
115
1441
2552
2568
1591
1744
445
2244
2457
2399
1482
214
1743
2170
1663
1198
2573
1534
778
1545
549
1641
2185
916
330
1633
2468
1974
277
2157
2567
2513
536
2184
1467
2019
867
1315
1196
351
2235
1528
912
1377
724
358
462
1276
2090
1029
622
1602
2509
983
392
1184
611
298
2473
1508
85
1234
1541
1548
504
391
878
1836
716
402
1546
1553
1569
804
1060
1958
2463
1417
123
1389
1704
880
1555
233
2238
593
598
1062
828
1473
539
361
1710
2516
740
1822
1557
1590
2121
417
2167
1469
1028
2071
2596
2545
2002
1207
2271
1587
405
588
964
2480
1842
2594
1318
729
1996
327
165
1654
1531
963
1401
657
630
2444
2500
468
1265
1690
411
2505
534
859
803
2517
1295
715
70
1224
342
2193
161
1661
1560
2305
1572
960
1839
1267
1745
110
1703
1128
860
1010
45
1070
1671
952
934
94
1977
260
1722
1290
1422
2196
2589
2570
1679
566
1260
1675
2450
1943
1470
606
731
249
1522
953
714
556
723
523
922
2427
645
967
947
2133
1597
440
1517
67
1735
1568
116
955
242
2126
350
2322
1982
2386
603
1505
2514
2252
1254
972
2081
410
1424
44
1363
43
1174
675
832
1585
868
2253
1604
1112
1702
326
11
805
1027
1965
310
1421
1966
1279
2341
777
459
1144
1319
406
735
287
1932
2491
1466
775
2214
1448
1300
2069
2434
1857
2327
1129
2128
2391
245
2470
2029
1263
799
573
1776
810
1669
2407
1044
596
1823
2562
2020
23
2264
808
135
1394
1219
2335
1653
1071
554
2175
2206
1605
250
1183
1574
1601
759
1037
1997
2511
2533
1316
81
332
2105
2249
2355
14
1576
754
202
1479
2362
1400
1760
673
313
1652
1352
1599
2572
276
1581
522
2411
623
1657
1917
875
306
1882
1345
943
1043
647
1182
2178
1446
862
752
602
1391
74
869
2197
2288
633
1193
629
499
388
159
46
791
1026
17
2419
2309
877
2370
1674
1782
902
774
379
444
1502
545
1592
911
2494
2321
836
301
2385
19
1606
996
425
337
634
1050
1180
2272
2472
891
1693
21
2063
191
41
2112
796
2276
192
278
1897
1672
1456
472
1928
959
1529
320
760
1223
694
2190
1068
1898
1040
1259
1524
1444
1216
618
1228
1623
726
1740
484
1024
1170
2331
184
1328
2308
1929
322
789
220
2058
66
1115
653
1487
1748
2464
1964
1082
2186
1232
1210
2124
706
2348
1306
399
1439
979
474
130
1364
3
936
1878
839
190
297
1530
1665
918
1428
1035
1269
2302
2152
711
27
586
1852
1650
2351
1438
2009
1247
1875
1266
381
303
944
561
2137
526
730
628
1915
913
2040
458
164
1120
1342
420
1415
2554
121
2103
2166
42
1433
13
890
1249
1775
941
1097
632
2490
2484
2498
995
2486
183
328
436
2053
1292
2010
949
1132
1936
1640
2488
1357
537
1554
1712
1063
1209
1305
2453
1354
1015
2312
767
886
1443
2015
2189
1038
1649
2123
1826
2096
166
218
336
2296
2127
1578
1912
1218
2258
1944
1648
2200
2315
495
2134
2030
324
244
89
1784
2140
1020
1380
1117
951
1914
932
34
677
2013
393
2372
2408
1850
889
698
376
1397
291
2433
866
1845
2273
1261
887
1733
1064
1678
2361
969
1638
747
479
907
2342
822
2150
921
246
2243
977
1869
1194
1825
813
1034
546
238
343
18
2059
1057
770
1551
798
1532
1846
1414
1695
1296
2460
1475
2153
1419
1190
1488
2260
1303
1566
1450
2540
797
2291
816
1575
449
1404
212
178
2293
1694
687
2046
158
2051
97
437
701
834
2079
1410
1820
2213
1772
2595
1017
2421
222
1426
1877
349
771
1297
1577
317
1947
2300
2034
1953
809
1288
1810
856
2160
1102
1126
2224
2101
2428
120
1386
845
1908
185
1323
1114
945
50
2149
2094
608
871
547
1225
1691
879
2319
689
559
563
146
1077
604
478
1639
162
1486
2591
806
2092
79
1550
283
2056
101
1494
883
407
2580
619
1370
1181
312
1945
2350
1511
2590
2555
305
372
493
1329
7
476
1969
1636
487
699
2439
2118
204
728
40
1978
2233
987
1014
501
1632
60
2242
2116
1987
784
2403
460
801
2412
2047
540
1405
1518
1382
96
1742
149
510
113
819
2560
1985
826
992
1886
1667
636
2219
1476
1758
2496
1718
1334
1564
720
2026
850
779
1911
2111
910
1627
997
408
2028
1291
1069
1995
1813
1018
898
2043
861
2275
483
2310
293
281
321
1701
73
905
189
2586
756
1140
431
300
65
2207
745
2298
463
851
1440
270
1706
2132
2172
1608
2086
1365
1563
385
86
1788
1637
1327
1696
1308
785
1161
761
1341
1411
438
757
2228
2114
2098
1344
1398
346
1942
282
1343
1814
1959
383
2292
263
899
1720
2323
2456
1360
864
1621
33
678
1880
940
1542
930
2388
1806
989
2549
1118
514
582
718
1802
2087
1615
257
1009
179
2442
2151
137
477
939
380
2499
1175
91
1890
1949
1231
395
1512
1092
842
1736
847
261
500
1171
2424
448
1514
29
1032
1262
1167
1844
374
475
1837
2579
1509
2375
80
2529
132
1127
334
1883
1108
2565
680
2179
1199
2507
1723
1766
143
663
2425
2374
1244
1088
156
2182
482
1346
1361
2024
787
568
1642
971
1236
1423
1142
2284
1047
2349
712
605
1871
1664
1497
87
1390
1453
892
641
2073
262
1107
1749
1824
1938
2515
2142
1173
1730
973
772
102
2405
152
1080
737
1036
1091
2479
1378
72
1313
2379
264
885
2155
1899
1630
1191
2527
1832
1618
1999
884
929
284
1324
2129
2259
565
2120
1586
365
1726
876
427
95
2279
1707
2192
2278
1610
1105
2261
1226
1481
176
524
2036
418
624
2274
2066
2236
2161
1099
692
2454
2345
2373
2299
1682
617
1889
1662
2471
207
1793
442
187
1513
882
304
1055
2430
56
1713
2110
1203
671
1096
585
1715
2115
1612
2106
450
1013
2083
601
103
1506
1264
1000
348
335
1240
515
106
2459
24
835
2566
2201
2437
2394
1366
1754
35
363
1873
25
766
831
615
2377
2085
136
719
1131
2027
1916
1963
2008
171
1798
2280
2354
2547
1045
1022
1317
1166
241
2222
1006
275
1539
2502
216
1613
1160
2402
1631
1583
1304
1596
780
1894
2306
2489
2074
676
888
47
319
2364
1019
1646
356
2413
1059
758
901
1413
691
2251
1957
1195
1968
1905
1851
2328
1714
1478
872
1626
2451
2383
55
792
794
1054
2064
2265
790
5
133
1075
693
2246
1920
824
461
1677
1358
962
331
2097
1253
2045
1192
2581
2039
1472
1628
2205
2390
1246
1138
2404
1817
1061
2360
494
1002
741
1395
1301
354
684
1338
9
308
2011
1368
2025
1617
364
2042
1858
2518
15
1644
2522
386
2597
1335
1807
1614
252
513
2311
1150
1101
682
753
1834
672
2187
990
574
681
2465
532
2410
1855
1666
631
1756
1425
62
567
2289
109
942
452
