784
127
2387
2247
492
1213
2263
1757
2073
2030
2006
1120
1641
311
2459
1568
1439
1534
440
607
64
367
1099
2413
2575
2517
742
2015
899
2433
2435
1643
1353
1304
759
2237
2473
665
1425
1894
1070
1357
1126
1508
342
1219
1472
1041
2210
1937
175
2571
1410
1924
505
1500
1625
1928
826
479
1980
370
1629
1955
877
1469
1833
1761
1972
2180
1182
108
44
1783
1811
2516
1984
1816
1279
372
88
190
2099
2047
2049
2035
2013
2042
2534
165
213
2388
2163
2102
197
1290
1241
852
1510
2376
1657
1406
1208
482
2230
143
1063
154
2025
1597
1873
588
1152
186
21
909
583
517
1939
669
1758
882
8
1153
1
2472
2319
1487
2321
1194
1089
1007
1996
871
2372
465
2084
866
711
1047
38
290
1423
1094
1890
2224
1506
768
737
2592
940
827
1139
531
1143
764
1675
1338
225
705
773
447
1190
2153
115
1828
1391
2432
29
2116
1185
966
2418
1889
1457
1932
2167
1314
1501
85
2231
2086
1859
100
1130
1392
2179
15
2533
1204
1488
1498
585
943
1331
1987
1124
2183
989
2569
2259
1660
358
569
1494
1951
2063
647
2023
552
2008
1881
543
1592
1655
2052
791
2339
1048
2449
2539
2327
1517
657
1009
509
1347
547
2416
1555
1541
110
690
87
776
522
516
398
477
2545
1992
1489
411
312
1920
2188
2091
945
634
1872
677
2022
1788
469
1302
1294
179
1051
615
1609
382
908
151
155
920
5
1715
1491
1602
978
322
1613
318
69
2510
1060
798
1549
52
907
1311
770
1906
2467
1283
1445
2597
338
823
2588
2506
1696
2111
747
1184
2033
757
1033
2246
1495
193
294
1328
2550
2150
2293
1528
650
125
1250
562
1896
990
1973
171
2580
2562
1232
2522
987
1326
319
875
326
1109
399
2285
712
1374
263
2270
686
2020
1173
169
260
26
1999
2032
2371
779
1398
1486
132
1682
1668
795
1722
2400
2599
927
1573
1313
1334
1134
1769
1908
1733
1364
933
628
1121
459
2442
1259
2187
565
1267
467
1125
935
409
394
2346
392
1464
2200
204
2169
1476
325
1187
1011
2056
2390
2479
1023
1431
242
965
1514
1912
2303
984
13
1499
1835
858
942
1230
738
236
788
461
287
2161
1970
1324
1604
932
1497
2080
153
1035
2173
267
2365
416
300
2334
1150
1333
1142
715
627
873
1791
1764
1430
808
1574
1195
1725
1703
2511
1968
652
2373
2261
504
1520
2306
217
1710
2309
851
429
2484
606
273
1915
2448
1191
560
2082
2155
636
1257
2340
2347
922
1373
1095
2158
1107
2424
597
1914
962
189
231
256
785
2241
1557
1982
262
774
2204
1265
687
1605
232
1900
35
1695
1114
228
1008
104
1536
1662
2504
651
1635
1237
870
1444
1282
1614
456
431
2316
1943
979
678
2301
2446
339
2282
1045
685
1923
2385
1078
861
2563
1278
222
2058
1688
761
1749
1504
2114
1067
1310
519
2436
1383
1022
1522
2476
988
2059
2451
475
1289
533
1055
879
451
974
1076
1848
383
822
2122
2465
2461
762
414
1719
2145
1961
6
675
2329
957
1447
2151
2003
76
173
406
158
1428
1883
731
591
1778
1116
1460
488
2491
800
2201
730
1058
1834
1952
230
343
2203
1737
1964
1303
658
2248
1244
2129
109
1201
1437
1518
1291
419
1671
1293
828
2357
1902
958
2356
211
1773
2041
1330
2127
1247
2240
1819
697
2077
91
1376
2094
1658
1698
2324
357
2374
2075
1044
930
1844
182
1699
743
2133
220
801
2307
2027
435
1031
706
476
2391
2045
73
1830
1254
2423
2106
1103
1346
210
198
1064
573
1527
202
1418
141
1000
2089
1627
410
269
2181
794
612
303
233
2005
395
2195
77
1073
2366
2421
1532
1379
2093
2057
500
1177
2537
266
1375
1017
1589
2431
961
201
3
2299
17
1661
196
527
424
2594
1397
819
1926
520
886
874
772
1713
2487
2273
1096
1262
2283
329
1799
2249
1151
59
328
881
78
680
346
1481
846
1911
1683
1516
825
2512
1965
1579
1575
724
1849
655
1974
1046
1994
79
2271
2269
106
548
1794
1315
462
2162
860
2524
1933
2344
1483
82
2394
622
148
2529
1211
1092
959
1165
1524
1077
1368
2296
1571
1411
2361
1466
2134
995
1482
2165
1429
1611
671
802
1350
258
2159
2462
1065
1105
2302
1446
1274
1434
1384
377
926
729
384
1363
1801
344
775
1665
2315
452
1086
1158
1949
1755
468
1697
2379
2217
315
934
1887
736
105
1942
1865
1711
308
335
1721
1793
999
1471
2019
600
1582
2305
1744
1207
2002
402
1386
90
80
1601
1624
2100
2553
1192
1012
936
1554
906
1562
512
1919
368
1340
275
1002
2443
2551
361
254
2441
1390
293
845
855
246
2437
1958
901
1837
1751
1479
994
1736
1640
137
1412
1079
2148
95
1803
556
1004
897
455
2258
1189
805
423
2338
2016
1287
2256
1285
1268
702
2132
1750
2540
2164
1732
2532
2266
1591
2007
434
2053
2328
1342
718
2065
1280
1485
364
797
117
2012
648
1563
2141
1513
1880
1366
911
2277
119
2171
1802
1622
1898
215
683
1559
2036
2568
963
195
2397
604
433
1723
1570
1946
1169
145
436
2536
2355
113
292
2300
2463
2236
905
594
83
457
1061
530
786
502
265
664
1108
161
1593
2466
1868
2199
12
912
1166
89
921
251
1292
2088
1117
1766
259
2202
2567
2552
929
1840
528
181
356
918
1814
1042
745
1112
2420
1827
581
2513
2043
1740
1227
2469
404
234
307
1119
2369
620
2130
282
1679
1034
2577
1632
2502
2184
139
2595
1459
1754
1628
821
1436
1530
2343
824
1441
187
1427
956
577
765
393
781
2543
2092
749
2149
2583
1706
1888
2318
2001
2352
1214
880
1001
1415
700
2276
1800
1087
2507
714
2320
806
98
789
400
1144
2480
2142
288
529
2505
1746
1779
1863
221
94
2118
214
1587
1586
2029
96
2576
1362
2017
72
1393
2044
2069
320
2260
1905
2468
296
1097
787
954
386
904
2555
972
704
510
1180
2410
2490
1440
1154
1106
1620
248
538
1220
1606
454
635
2264
2252
408
1998
703
2193
2074
317
478
1320
122
1891
1776
2438
1701
1851
1925
279
1174
1785
1507
1664
1090
1266
1172
1540
2072
739
1361
1702
1309
578
2232
511
753
20
554
1519
948
1016
2009
99
1080
1717
616
1560
45
1772
2078
1616
2370
333
2191
10
1615
2212
407
1855
1462
1100
663
2392
975
2037
1659
1225
2455
2310
439
1404
281
219
1621
2136
896
250
1377
2304
164
2289
950
2380
1693
1823
289
1535
2178
33
1533
1771
1236
1901
2566
1167
633
605
2326
2444
2298
2257
1846
1777
755
2362
1455
1667
101
1183
1318
734
998
152
710
894
1690
126
691
884
1525
1059
331
1735
2137
553
1940
118
1578
1759
501
542
1155
471
2523
437
2538
1691
1653
321
969
1588
1238
981
2087
1739
599
626
1015
1962
23
2295
561
1322
84
590
830
545
253
172
2399
1976
2265
2024
1129
2541
1960
373
2268
818
915
1420
1636
1762
1521
1323
2079
1767
1631
589
838
1235
967
1515
1505
60
2489
667
1463
1255
2250
814
2336
1162
1815
1561
951
239
621
2113
1468
1370
9
609
938
32
763
378
1734
460
659
2331
754
1171
1122
1612
1317
483
2470
2405
2101
1805
27
645
1729
1594
679
1817
672
1305
1957
2160
1020
719
1595
521
2117
131
1567
1720
1306
2359
816
2207
2415
1365
1332
878
1935
790
350
813
1564
363
833
430
449
1354
1141
973
638
1069
1003
1645
129
537
1085
726
2103
592
81
1822
799
1212
1298
36
586
2395
832
188
1634
185
2515
2333
365
2055
2559
1478
249
673
2140
2174
2172
2360
2501
2198
422
4
815
2452
831
224
493
2389
1864
1496
1572
396
507
837
427
997
1300
960
1630
1963
2267
2478
1336
316
1731
2131
2
156
1273
2294
893
1821
546
1316
1074
2209
438
354
257
857
1325
1038
387
631
1281
1553
2279
758
2587
2205
1413
2384
2185
701
1871
432
103
2176
2121
1988
270
980
514
707
1301
2570
2544
750
2139
1054
86
1025
2060
1818
1927
1596
1648
2335
1850
681
525
2403
1829
526
2382
1407
2363
1577
2021
1670
1133
353
1502
1149
917
415
2028
2398
2251
301
1206
587
1345
1967
389
643
1642
518
1775
595
1435
1242
1256
2208
2317
1782
417
2377
2018
1637
1490
349
913
327
992
499
63
1904
2228
1922
2528
134
903
848
2048
1892
2564
340
111
240
1450
191
1548
48
804
1480
1745
1546
18
1954
524
2353
1861
993
2408
2272
1248
1297
2542
1037
2281
2182
2548
1907
1349
2578
223
2561
982
444
1796
1024
1934
835
812
2292
49
970
840
1443
1603
2434
841
1550
150
1084
1261
1545
582
1188
2531
2000
272
1617
2278
2254
2368
1161
1674
2558
2125
212
1918
2572
540
2367
1600
603
1205
2046
1068
1157
1945
124
766
2547
1164
722
1798
2411
2297
403
1584
314
1178
1104
2582
1197
425
274
1417
2426
558
2557
1748
1705
1838
2337
1252
375
623
1836
1140
116
261
2425
1229
1993
112
2275
2214
1210
170
1186
1753
892
2458
1394
178
362
869
332
2493
2322
574
1663
1676
1786
135
1709
58
268
369
309
295
2401
2196
1774
2590
698
1135
1057
1956
55
1878
376
941
2107
1202
2098
1686
207
75
1263
575
1712
2081
1760
183
107
1981
996
1841
1098
2503
741
723
1929
660
1403
2439
128
1276
1123
1066
1971
2518
843
1200
1081
1355
2197
1539
313
1847
43
1395
2192
1296
1576
1529
847
550
1948
2120
102
2509
1308
2225
1269
2378
2428
1275
1419
1770
1451
862
1246
1039
1523
1382
140
1101
167
2255
1977
66
1493
1808
708
610
859
355
1509
271
1813
388
1558
1899
1071
2124
298
1845
1360
567
1765
345
2034
2061
1843
255
192
2216
1091
1874
284
1231
1966
1351
1388
70
494
40
887
732
2156
803
177
630
1547
464
495
649
2584
593
2546
166
568
324
1319
617
2245
1421
405
2486
2039
2105
1226
2332
1742
1552
489
216
463
2038
1147
885
796
1995
949
1623
1858
1036
496
2427
2345
1989
2596
11
245
2445
1718
888
1378
689
1234
985
559
596
445
205
1223
2349
947
1295
2475
1930
1175
418
2574
1424
2090
1271
1842
1193
1426
2591
31
564
2011
1738
1832
971
953
1465
2417
1327
2404
986
2422
891
783
661
2147
1741
280
1866
200
2308
1433
503
1806
487
420
306
976
1626
74
1566
1646
1352
2520
863
1127
1414
498
1685
426
30
1727
208
646
1258
1565
2014
1056
1969
497
359
2527
523
919
2494
725
1728
1897
68
421
1913
174
1959
946
114
14
1385
792
684
1687
1990
2097
334
1400
1029
1243
1747
1569
1812
1343
682
1669
472
534
1484
676
637
238
2386
336
184
872
1689
2242
1240
1875
1975
2521
506
2213
964
2287
1110
1128
2354
1196
1401
2219
1807
458
1684
57
746
1650
1763
1921
1787
1991
2144
2194
138
557
1093
1442
2311
1983
733
297
390
900
2488
693
2223
237
149
914
1639
1312
1222
351
28
1542
2109
299
1936
1018
856
1895
955
1867
2497
613
668
2135
1288
2579
157
2589
92
1075
2010
1473
341
2221
1452
2499
1716
2051
1652
2068
1673
453
1052
1228
2457
839
381
2243
53
1978
674
1477
836
535
1013
2393
2325
1910
1448
555
991
1453
1028
767
608
1249
849
694
2168
130
243
2157
16
1677
1700
619
264
721
235
2351
203
1708
1707
442
1043
2066
2239
748
817
62
2095
2050
2220
1264
1556
1538
1869
1358
876
1449
1608
1610
1856
397
218
937
1726
337
1159
1824
916
2526
656
227
65
144
1369
1941
1337
2146
1014
1938
47
1531
2143
2586
252
1511
1050
853
146
1270
2004
2348
923
2412
563
1396
602
401
2474
889
1409
654
598
1026
2482
1790
304
782
2112
670
1903
1176
1681
1181
2110
1590
1160
1467
515
1251
2419
1724
484
601
653
642
2464
1886
780
1870
56
160
1831
1083
1299
1356
136
1021
226
716
1284
1474
1931
1810
347
448
572
441
760
571
1768
2229
611
756
2598
618
2166
1381
2226
286
2138
1714
371
2076
1344
1359
1049
1348
352
692
2495
829
952
1666
1580
1598
1656
532
2381
727
247
2454
1633
278
1030
1916
544
2288
46
2342
474
614
580
868
1885
740
928
466
22
688
1694
576
1853
51
2556
2414
2430
539
1245
2492
2115
1335
2026
2429
1072
323
379
1953
1692
640
1789
1198
2104
0
2498
2485
2358
2054
1113
1503
1797
1607
54
709
1492
1387
1132
2244
1372
2500
1082
1809
194
209
2514
67
2206
1286
2471
625
2481
1456
1111
310
1221
695
1544
2406
752
1402
1986
1422
551
2286
366
1010
2096
1380
1730
2152
1399
1179
865
450
624
412
163
473
1860
120
37
1647
244
2585
1102
925
2525
2460
2314
19
2450
491
1405
1408
811
1209
480
720
61
2581
1168
1005
549
1006
1852
2402
751
1203
1239
1199
