25
2376
2260
21
232
99
279
2532
2599
1584
684
1294
663
1619
403
2330
2232
2013
1947
1115
1275
1399
1090
1248
1389
1482
639
1400
2273
2597
1316
2288
298
905
2407
889
1216
652
2520
1341
1129
2519
1427
581
773
2366
775
2286
1201
1078
2562
1833
569
1999
5
1226
294
87
1074
2358
1776
416
1692
1066
1101
145
2130
2502
2482
2001
287
708
871
1577
1598
1208
990
2222
2578
2434
164
2417
393
605
2200
2065
2456
141
2213
2485
2328
2078
2587
2404
763
624
1079
690
1473
483
1116
2017
1885
1810
2394
1568
2473
1668
1829
2556
1565
934
1353
1871
49
1271
752
2306
2488
608
1245
1923
782
2138
187
1502
914
854
486
1109
1270
2468
310
2319
649
979
2002
938
1798
1258
1573
1522
607
2415
1173
1111
702
504
1894
960
2230
1588
352
1339
1748
584
199
182
1149
1736
1733
2170
898
814
1881
439
1049
1477
1989
2289
2022
1064
783
40
1760
1951
507
1408
767
1412
1562
703
302
1360
244
551
1063
2372
777
1518
2240
1934
564
474
2115
2207
1287
1021
2015
520
1142
1095
1873
2591
1507
1944
14
2012
2241
1796
2265
133
1374
625
1582
1013
2335
1119
1843
1756
559
945
2164
995
295
239
1022
1625
2234
1757
189
1719
1594
1464
1002
163
983
2034
2098
881
1857
2161
459
1525
1728
308
2428
509
657
1417
553
2378
124
748
1738
841
615
2582
1613
1714
1165
2077
791
792
947
666
1768
1579
1152
2217
2579
1642
937
2586
2159
2506
648
1291
2021
662
327
1424
2527
1852
1027
1826
596
862
583
1966
1378
64
98
810
772
793
911
1212
917
712
123
860
651
2346
2297
1188
1209
1407
2199
1161
1817
513
1762
1227
1143
614
57
803
2356
2421
1265
578
1812
2135
726
1557
788
282
1500
744
531
84
2393
774
903
723
519
2215
1993
1697
11
293
321
1241
1390
1230
405
759
880
371
2245
1700
105
589
1264
1622
630
549
1653
2327
1480
1465
197
897
2594
1750
2302
399
1026
390
1009
180
534
1709
1628
1326
316
866
178
2588
2172
1924
255
576
1849
1391
251
968
812
455
1637
1975
1148
292
333
408
1602
830
681
2550
972
988
2027
2316
2196
2147
2352
721
186
2389
1091
339
2491
1257
1918
1558
471
2360
353
1538
686
67
1900
498
824
320
1357
1003
1925
127
1705
771
38
1486
1964
1552
1493
1794
859
661
75
1463
1840
2064
1324
779
1664
168
888
1220
1981
2483
203
452
2552
1289
646
3
1141
428
675
678
620
269
2555
1447
200
331
1488
1288
340
556
2303
1744
1601
1028
543
1879
1394
2323
214
1163
1845
273
1801
1059
1284
1323
1423
2585
304
2030
210
19
2429
457
886
1654
940
225
1891
1083
2092
2432
1171
2560
1023
503
590
740
1298
226
286
1741
2494
1472
2510
936
411
2122
2385
1285
2054
2481
2531
2530
1239
927
2025
2375
2227
1401
971
2546
2489
165
1459
518
2354
2190
1864
510
1899
1317
2272
1296
2276
732
2280
2332
1121
2275
1361
386
423
1497
479
36
2239
1210
2396
1126
1104
2087
1620
1955
358
1107
1508
1867
1576
191
376
1223
1306
1070
2113
1541
2069
410
1984
1641
1595
1566
1076
404
2370
817
1132
1368
2005
942
2097
1814
401
516
2193
647
1478
1043
445
1455
257
833
1383
906
2105
228
808
1808
1752
2214
1844
0
367
951
2540
654
560
1676
427
1725
2174
2091
1153
1498
670
1797
365
1609
2446
1499
336
253
77
1549
262
570
1863
111
1414
1977
17
1976
2490
342
1080
442
1352
1215
2184
1332
1312
1853
261
2387
2029
37
1536
2156
1677
532
2295
765
15
2107
1876
1766
1649
1531
430
1127
655
1599
1016
2046
863
976
170
345
1807
2031
1825
447
950
1542
2496
301
1872
2208
1946
1206
1842
789
991
636
561
488
69
755
1050
1067
81
2294
71
2475
1218
1511
1475
157
800
836
1350
1580
317
677
1445
1707
1304
213
480
1420
1489
1626
1603
811
597
1859
878
2139
1094
433
122
417
205
999
396
1429
641
1647
1643
2324
869
223
1307
669
2229
707
2454
2257
289
2501
631
1448
515
2109
2009
381
477
2242
868
2493
1751
1358
1114
842
249
1433
864
828
1054
1813
2411
1563
138
1815
2026
2364
2524
1831
1297
1965
1449
530
176
2160
63
1791
1377
2498
425
95
1362
710
784
731
529
236
2452
622
1910
1920
2427
912
1771
2282
1452
307
2124
372
58
2564
856
1583
750
2443
1286
1571
2211
1164
813
629
1793
2344
1667
2589
252
2128
1131
913
650
1167
2038
2212
2216
2420
2194
1633
1854
1162
1435
1775
724
2596
13
86
887
196
76
388
328
146
2176
136
398
462
754
1521
1180
1988
521
1888
318
2317
1537
41
395
2056
2321
1106
1088
1432
235
1139
1539
2570
834
16
1422
172
169
2453
966
2441
2422
1418
115
1855
2499
1446
1587
1913
193
747
2382
264
805
497
117
845
2191
2514
2513
1860
802
478
1191
1344
699
1492
2197
2209
1048
1255
997
1494
727
816
1396
96
2549
2345
1118
557
1007
969
946
406
2162
1280
2547
4
315
219
1703
153
524
928
1460
544
698
2043
1640
876
2192
2451
2571
173
94
920
674
1722
623
756
563
2293
1785
1388
601
2536
760
2251
1029
2218
2003
1479
2563
1554
1087
2298
2436
1958
1155
851
1004
2343
2188
375
426
1904
1618
780
1440
1186
2340
450
35
1745
1451
61
1683
537
1369
1953
1337
729
1501
539
2146
1261
514
1204
1457
1345
451
1102
325
374
2424
1998
1006
1252
2243
62
804
552
2359
1249
241
2111
711
2290
1404
989
1532
211
635
1713
525
1259
1550
554
587
2478
1927
1917
334
2047
610
237
618
743
229
1133
107
2011
475
29
1614
1816
2285
2259
501
1982
738
1800
776
1320
1715
656
996
125
1367
2263
2041
873
2534
787
1485
2409
2512
2094
110
2233
2430
363
2325
1718
1591
263
101
2081
2301
1513
908
764
1723
2353
1543
429
370
628
735
2032
1841
1075
807
28
156
1540
638
1971
108
1081
1017
1190
1635
2318
517
246
1481
258
1954
2048
380
1514
50
1702
1232
1656
460
2195
192
1967
2149
2278
1746
379
121
2480
2085
347
2576
1439
2435
2503
338
2187
1195
400
1045
198
1269
2495
2558
434
1819
113
896
1533
1983
850
1282
2367
588
1754
899
653
2024
448
778
1225
2467
1586
1914
1450
2072
2553
2390
463
275
1370
2476
1943
2206
984
696
753
952
685
2386
1547
2080
1512
1301
1051
679
2307
766
2508
2118
34
1597
2463
2361
1931
1884
2283
891
717
1786
2437
2066
986
1359
1057
1386
1535
1363
1236
209
1442
975
158
604
1889
594
265
1985
994
422
1426
1334
2076
361
2058
566
148
1036
1233
644
1523
1012
1305
1645
2133
985
2450
963
135
762
904
1505
632
1349
143
545
1476
2595
85
1018
283
2051
222
1425
1778
137
704
2511
458
2287
1878
1061
820
2223
682
1263
640
1895
59
2410
1461
1830
2308
2526
1774
1693
2341
1355
188
1198
796
2023
1555
2368
2292
1828
1979
436
1277
2262
1468
1834
1822
220
227
2509
2019
2028
274
1875
2173
1874
1365
1907
112
1256
162
1590
2569
2425
1737
1749
2202
1978
1001
1047
260
217
1747
1224
577
1690
435
1901
2405
2466
2143
1089
139
1254
1454
88
1509
1319
1524
1691
2355
2067
1606
472
2338
2136
637
266
412
1761
2310
1890
1443
2198
895
181
1699
1685
70
1187
821
2598
1062
1183
1151
713
1660
1250
2155
1970
955
1868
1504
1185
1058
2388
1675
1322
558
1302
1893
1758
790
1624
22
2052
1560
1987
1551
1329
20
664
1044
245
43
1276
2100
437
867
1371
1395
572
1333
1402
508
496
1670
1406
1466
449
1436
2082
2329
487
382
687
2449
185
1742
128
1182
1403
1740
1169
1086
2125
369
1025
1632
2567
1077
1213
1952
993
2486
1960
1755
2152
1093
2132
2559
2322
1608
80
2402
2055
1996
2099
7
1704
1348
351
467
2314
167
1990
1268
582
1968
533
56
392
948
1110
2470
456
746
360
2371
599
368
1991
1994
1569
1926
2039
151
206
1792
1572
1474
2093
2183
1092
1123
2365
606
1803
1331
2224
823
89
323
1035
1318
568
490
2
414
1069
865
1240
2336
683
1787
642
1469
2357
1503
1627
894
505
1385
1384
1827
74
1189
256
907
806
1430
2397
672
643
809
1638
2542
1491
2167
82
944
1905
1877
2342
892
680
1244
1593
2347
714
1727
2351
1068
1820
502
978
541
311
822
160
1657
1038
1428
1052
2349
159
939
1292
383
844
1242
322
2226
1617
468
1415
1160
2445
476
290
2369
598
2016
1858
795
1851
1496
2205
877
155
1237
2020
2236
872
224
2505
781
31
2131
758
2309
1168
97
2104
1467
79
2408
1314
1545
2568
1672
1865
183
407
2380
2459
1221
2203
2592
349
1986
1605
385
1024
831
2050
106
768
1311
357
2140
586
1689
761
965
1527
1346
595
2442
1821
1932
1578
1262
1283
114
701
234
1648
749
2110
2108
1544
1949
2537
2049
832
119
473
1553
2220
2561
268
2123
309
2339
1020
1600
280
443
1534
2186
1684
161
1194
1574
742
1393
240
716
1347
179
90
2068
1856
719
2398
1753
1773
465
2313
2180
1701
1178
313
697
957
2129
1222
2373
943
221
134
660
409
68
2258
548
1272
2169
2507
2535
1629
2175
419
1799
1886
2447
1200
366
1764
1008
2008
1607
1896
956
1948
542
659
1957
2061
2248
959
1631
565
1325
1483
2538
1789
413
100
140
1824
2063
1431
1589
1850
2426
270
1739
346
2518
915
671
1915
1130
1170
1804
1278
402
330
1650
1621
1100
1281
424
2384
2083
2544
1140
2089
611
2141
1906
1678
1869
72
1411
1992
2247
2487
962
2120
1782
32
1303
1313
1520
585
1174
1765
243
1564
2583
882
665
2541
2374
1930
499
1228
1673
319
432
1379
1136
715
356
733
306
838
2204
1117
277
493
1880
2465
848
1681
921
1663
786
2114
218
332
840
1490
1033
667
1421
174
797
53
1373
1802
2305
231
2326
879
987
870
2557
890
2182
33
2529
2522
818
2412
1836
2171
1308
1085
1196
1300
705
26
1336
1805
2117
1462
1274
2433
2004
982
2438
2150
1694
2101
2348
2075
354
1921
2414
739
2458
2577
1669
2311
238
2106
1273
1777
1156
1528
512
208
39
1266
1238
1561
362
420
326
1546
397
2284
2244
1837
1806
9
579
839
858
2279
1696
194
961
785
2237
1046
2037
1903
706
2044
2523
1712
826
616
1779
2181
2000
1444
506
2268
1592
720
700
1735
1330
1293
855
212
1364
2399
2231
126
444
931
1354
1731
801
1941
305
1243
2168
2127
2254
902
46
1108
1343
885
1788
378
2270
1679
633
1099
751
1184
922
603
2040
1231
394
2391
1909
1419
73
1113
2572
1098
171
1138
2413
730
52
1781
2249
267
1517
1321
2166
297
1743
1197
1120
440
634
2472
2593
2379
152
737
1866
1604
2253
695
562
734
1105
8
852
1471
2238
1205
1848
1351
276
1495
461
2277
2095
1581
2392
2033
2073
2515
1908
1686
929
2281
1911
2337
1783
1567
494
1
1413
2179
1193
2006
2331
1935
602
658
2269
2291
2517
147
2469
1290
1651
1071
1279
2566
949
288
953
2312
1929
23
2145
2119
526
910
974
676
2565
1898
291
469
1717
18
1530
1959
1144
12
2492
1636
1962
1919
673
1969
1030
2584
1056
55
692
2252
195
314
377
1295
1922
1082
1315
10
798
849
2431
757
2121
626
522
1687
2084
967
932
2500
1950
1177
2471
2497
1247
1179
1309
1995
1011
728
1084
2419
1372
1698
1147
511
547
1770
154
1916
1832
827
722
941
527
2267
2053
916
1154
1616
2246
2484
745
1246
2580
1203
1575
1945
1928
2545
1328
1726
2395
1128
926
42
1882
78
484
2225
1729
1134
523
617
918
1526
166
2320
1938
93
619
1172
1570
65
2525
2264
2079
1299
540
1720
875
454
1039
2189
2462
1150
2219
1441
1219
1674
592
51
861
204
491
1229
1437
2235
92
691
300
1251
387
1688
2440
668
464
1065
1997
2255
2035
259
930
1630
453
1846
1784
1055
485
2362
1438
285
109
446
546
1506
1515
1202
230
2416
2261
1973
296
825
1135
1658
343
104
958
1125
2528
142
1897
1327
1610
1158
27
1122
1211
992
324
2400
2059
1034
1732
2210
1000
202
1398
2086
1835
2444
550
1559
1780
1335
964
935
1734
536
981
132
555
83
794
1015
2363
1019
415
341
2460
1942
250
1010
481
593
247
884
129
1214
1217
1484
2350
1724
190
2096
1060
857
1711
215
2102
2406
2383
175
1166
54
2300
2177
925
769
2010
1892
1366
1706
627
278
1519
819
1529
466
2477
312
1974
2144
1615
1634
2142
2315
1181
1146
438
2403
2418
1933
1112
495
1818
2157
573
2178
1338
1458
799
718
1644
60
1809
613
2573
843
2543
2479
1623
1175
1267
2377
1769
492
1839
1646
933
973
120
