835
2065
167
2400
2344
219
852
246
950
571
326
2380
647
870
2343
2588
237
509
461
437
1432
13
1845
1519
190
709
1240
986
218
2505
1952
458
754
663
433
2314
500
480
98
973
1696
1568
894
1594
2546
832
1910
306
207
1891
118
739
1156
2294
30
1392
525
1100
2170
1826
859
1158
474
278
1045
1353
2597
2479
1214
1900
2182
1105
1489
1974
2541
2405
1801
163
2075
1263
32
819
2442
2360
693
4
454
1300
413
1484
883
1059
1371
1447
1917
982
2403
780
1486
1186
2452
2099
1116
566
2324
1804
2071
1866
751
1750
103
249
795
90
1443
1480
523
1736
1213
1810
2207
2284
1937
1088
50
1918
1880
1916
933
328
343
245
794
21
755
818
2374
873
554
812
1642
1621
1607
2279
2394
406
811
2486
2291
352
1733
1640
1701
1966
0
1954
1773
1718
91
1565
2352
1767
295
1813
995
1671
2368
581
1366
1027
593
1814
2143
1564
1734
2101
112
2290
1833
1924
1182
2463
2587
447
443
350
2387
801
1616
2227
375
1815
2443
2059
1717
638
181
390
1762
457
1781
799
579
2272
1093
1049
16
980
176
1015
2382
893
516
2173
1926
453
2571
2156
1714
298
668
1457
2598
567
771
2583
1070
1398
962
1451
2251
880
1086
997
700
1487
2276
227
169
1279
208
532
2127
821
426
1684
903
976
1201
1783
376
2081
2422
1011
1611
1367
1229
1904
1694
353
2326
2223
2068
901
1746
2021
1812
1036
1225
1695
2342
1191
2129
1710
1969
815
1000
2260
512
2427
1940
280
2577
1379
940
2411
1589
2033
1401
1239
1136
1272
2209
194
288
1095
2498
1659
2549
2593
2054
1775
1819
900
1584
2073
2023
60
1790
951
244
2413
24
931
854
1050
1841
331
685
1102
1420
863
116
955
2299
14
2451
1331
2492
1101
64
2444
2375
482
1592
2219
1624
548
733
160
1881
810
319
990
2035
332
1835
1111
1324
349
1650
233
874
539
1823
1434
210
708
2501
284
1875
639
2515
267
1945
1558
1074
1693
519
230
1751
1453
1488
1004
1673
1258
498
777
2110
2298
48
2323
2140
1361
1208
1377
591
203
247
360
1409
1895
1473
842
1719
782
1468
798
2270
1209
2203
844
320
1721
2421
1412
1808
2386
1704
1674
1909
240
868
209
2390
885
10
655
1770
714
527
1284
1087
1179
2470
1575
1648
1638
1748
1221
778
57
35
2459
2303
1476
1708
440
505
301
74
1731
65
398
1184
381
2337
2417
2134
559
1501
2529
2179
2047
2037
58
2111
1754
1185
1153
1152
829
269
2109
765
1293
1998
1803
1494
1256
2090
2455
2000
963
1257
260
1013
1134
1325
365
2278
2332
1765
2348
596
2095
1180
316
1963
1099
258
79
348
1375
1658
706
286
1043
975
1675
825
2174
477
656
684
2262
1222
1507
111
479
1932
2189
1203
802
2084
959
721
490
2596
896
1417
455
2159
462
271
2518
2161
718
757
122
882
49
1181
637
442
2210
177
2285
619
1236
2240
396
494
1104
19
1995
1964
226
448
2436
725
2416
629
2215
2559
787
47
1888
229
1354
1612
1195
2573
405
1382
1175
130
1653
2164
1460
1002
1641
917
1368
2148
180
446
25
2458
1923
2281
2412
551
2516
1145
1007
699
1811
206
488
1634
1387
1014
2178
341
232
2221
1502
261
653
367
1041
2395
1355
2036
158
2519
587
1369
1190
610
345
2003
1901
2144
1703
425
1299
2509
1403
2130
1283
590
887
172
1682
2168
250
2292
94
1898
238
731
2166
1601
1647
793
564
1798
1726
2480
614
1537
2396
1219
1080
436
361
374
703
1562
2155
1787
2517
1523
595
1193
223
1122
1968
100
711
1837
346
225
157
1544
1305
1017
1665
1097
702
1232
2273
202
1338
1982
193
1202
2114
620
107
356
824
526
285
2122
1312
1223
1076
1747
2322
469
2450
1365
1265
648
582
1758
2224
911
546
259
2242
972
1426
1711
929
1646
828
1861
2536
1884
2149
2438
1335
2592
1028
56
888
1472
2256
2355
1400
998
2125
1230
623
1315
1327
879
1323
2186
686
650
2011
1314
2429
2123
1652
2228
1677
1206
984
1061
1416
2162
550
2579
2282
497
1514
511
468
1467
1547
1150
1068
2126
310
2367
1406
785
1319
830
27
983
760
171
283
2372
2191
363
1581
592
2570
2022
2550
1054
275
1092
1709
698
889
1549
2257
937
884
2511
305
92
1289
679
1644
2043
141
400
324
1950
1678
2020
214
1913
2538
1948
2377
268
1706
2406
2535
2046
1469
1629
185
617
735
915
242
1943
946
1359
1625
1499
949
847
2530
1896
1755
1130
886
430
2381
2169
414
2
652
1574
860
2426
2586
1200
1065
254
1602
2082
1035
2471
82
2038
744
565
1064
2094
1925
1210
2435
2556
2107
2142
2241
1686
934
1928
1164
382
2447
831
746
1890
1791
201
2121
173
1960
1553
729
2353
513
178
1384
1237
2263
682
1842
594
1556
36
179
1397
476
1318
809
2091
2446
97
2093
1124
2555
366
688
2448
1931
2336
311
1464
738
715
489
1977
2315
2026
827
70
9
2373
1342
1311
1540
2288
162
1637
2067
1267
2540
2051
2440
1330
1044
555
932
2545
297
465
2590
146
1662
671
1038
806
251
2300
1947
1546
1096
1988
2345
29
1226
1922
191
241
666
1635
2030
774
876
234
2487
574
1352
1248
2500
1063
2056
493
418
2537
1577
239
17
2098
1626
2551
957
909
1421
1608
2217
1689
598
691
1308
68
1385
740
2362
628
1777
1809
2208
1676
2083
1839
303
1207
2388
1304
657
1217
2045
183
1433
1339
2015
2085
106
2034
1600
969
289
905
1849
1534
1730
1953
786
1797
1328
187
114
734
196
2226
1764
743
1103
2132
1389
322
1149
1838
63
2004
1172
2006
1395
1029
1291
2431
101
1310
1160
634
1303
1517
918
1261
2490
2547
1990
1741
661
438
908
631
1144
2096
1146
599
378
330
1543
1859
948
563
2187
1615
1772
1853
291
1374
1301
2321
272
1843
1307
1062
640
1435
1886
110
710
993
318
1477
279
347
1351
323
411
589
636
961
2385
966
697
508
1238
1571
1163
2568
2532
1620
1829
1753
99
1405
117
2261
515
1873
184
2053
266
2013
492
1121
2119
626
2152
1588
119
2213
914
1110
1782
1784
1399
1442
2392
1372
597
850
1290
607
580
1345
165
2391
215
1123
518
1496
1475
1510
583
1296
270
2552
1531
646
2533
1280
2365
2328
926
1929
2133
2057
120
855
2286
675
2079
921
2542
1274
2338
2193
890
1066
533
1735
1789
562
1561
2557
2493
510
37
1281
1685
257
2319
2039
2019
2357
1618
354
1840
200
822
1073
853
1687
1759
2024
1874
1688
2401
1026
1664
478
444
327
1273
2154
1313
588
2514
372
1541
633
2331
871
1824
1414
789
155
93
1792
2032
541
947
2235
1573
2018
312
540
922
475
263
1667
1131
1757
1854
472
1297
422
2028
1378
1298
836
2432
152
2513
1220
2384
861
1681
898
1825
2482
2157
816
1292
1850
2521
1864
944
2361
282
669
216
1357
2433
1431
556
395
1727
766
584
1941
1218
1492
1516
1139
1437
991
1081
2397
2214
1268
935
2216
528
1551
1944
1343
1619
2137
2491
1566
2351
2566
770
2453
722
618
1271
2289
1858
1439
808
84
2012
1383
561
1001
1992
380
1768
1138
1046
1177
2277
2481
2466
445
1016
2086
585
1159
1497
1582
1334
1856
2062
907
705
2128
2574
2196
1786
2317
2308
1654
2171
1967
212
199
1440
727
108
2494
2116
1410
2259
1993
2163
113
704
1069
2097
2112
224
2158
1250
2058
2489
1106
1806
658
75
1683
2408
747
1530
736
1603
1165
439
952
2204
304
925
2048
2311
314
1309
1949
1285
575
211
182
20
392
1936
514
1760
543
1115
66
913
690
537
1852
2041
127
373
2425
403
313
1986
858
1053
1040
674
1234
434
902
2504
1560
2428
689
967
2584
2569
1899
231
1991
1402
466
1524
2520
1386
186
460
2102
1498
613
1844
1907
2528
1187
695
899
334
2370
2002
942
2234
1244
370
1822
1042
1075
1569
970
621
2150
977
1018
2297
1628
2115
1504
1649
517
1483
34
1259
1089
2269
522
1680
2302
1411
1169
1779
910
1288
189
2333
2582
1897
277
89
2301
2464
424
1548
1167
2135
124
1865
1672
88
2467
826
1107
2441
1744
1817
1847
2534
837
2050
1657
536
1112
779
2287
749
2594
491
80
1047
1769
1503
2244
140
2197
2076
421
359
945
1441
1034
281
1254
2052
23
1157
1212
694
1552
1720
2206
586
673
576
39
290
496
839
159
2063
287
1597
1108
377
2591
1459
2376
2415
2029
1525
151
95
2220
1260
142
1987
1599
449
1058
1495
1958
2503
1557
2194
1776
2554
1877
2572
2060
2042
174
2462
680
252
2398
1147
763
2250
1117
796
1818
416
1961
627
1739
1728
707
2585
1892
1039
1996
999
2248
1333
1832
6
1622
1364
989
217
1796
123
2506
920
2327
1702
2268
1246
2108
2531
1700
44
59
69
2473
578
2485
299
1596
1946
325
1491
953
2283
15
1247
1278
713
1493
1077
1005
1126
1444
1921
1716
687
1462
2199
1360
1505
1449
572
5
1763
2310
1037
1630
820
2175
603
897
2581
1456
1012
1800
358
1329
1415
22
730
2061
2188
471
2496
264
665
333
919
534
86
1482
1559
1513
1211
1570
1008
1166
1668
964
971
1542
1529
1140
521
2231
2177
1051
981
856
791
1071
1249
109
1878
2468
1428
1883
220
958
1766
429
389
1827
616
441
1692
649
296
1022
415
1903
150
1985
1227
1454
2200
2525
2562
371
2147
71
529
1526
2539
1173
2354
560
1358
1294
2064
2295
994
102
602
1079
473
1394
168
2472
2106
965
833
387
1010
1142
2192
26
1893
427
1197
2271
1241
1533
1879
1277
2512
1085
1119
131
144
644
1623
813
2580
2563
872
293
153
1973
1072
877
2274
1863
397
357
2325
1306
542
1052
2066
1515
1521
115
388
2136
1802
954
1470
2543
156
1586
1870
1461
1980
2410
2293
2349
1393
1740
1506
2576
1056
2005
1509
1463
1867
2265
1679
2445
2184
2475
385
2502
31
768
2044
1780
1132
1362
195
2329
758
452
1269
2437
1082
737
1639
1346
2523
767
692
875
1836
2478
974
1905
1908
1851
228
1350
1745
393
248
2369
1785
1481
1322
2439
87
164
1349
1938
1962
61
2151
2255
1934
383
1981
2366
1425
379
1830
1396
1424
1857
2267
817
2243
464
1951
1478
807
2359
2239
192
1579
2001
608
2089
1794
337
1522
547
891
1006
2399
1576
1670
2522
1347
1114
2524
368
1407
33
62
1691
1742
456
1198
2507
2347
573
635
2176
892
1251
2222
1430
2457
1771
723
198
1245
1632
1446
1554
1643
1465
1862
1756
724
895
978
1381
1939
2120
1128
1370
431
339
1025
188
538
1614
1419
641
2364
2225
683
2009
2007
2190
1204
451
624
1705
1604
2558
2014
1262
1906
1536
335
2346
667
1340
1788
2335
2565
1774
1919
1171
2180
524
660
135
1151
1984
814
1438
1094
601
1332
1189
664
2167
1391
2010
906
55
1021
121
46
2218
1578
1563
805
568
369
869
338
1660
1376
654
773
1455
2072
1585
1348
2356
355
1090
1316
1567
1656
622
2088
2320
838
1009
2078
450
1429
2229
2497
2526
235
2025
1423
1264
2077
535
1427
8
1242
1610
410
81
412
2409
53
1580
1337
843
2469
402
776
137
1846
1448
1666
840
40
1971
2508
2145
321
1799
2237
1869
2363
1752
2236
1598
1743
632
2080
2296
1413
96
2340
1712
1882
205
1135
530
2087
459
719
1231
615
2183
762
803
1192
662
2423
1060
720
2212
2100
857
2564
928
470
423
1956
2113
1474
1326
276
2561
2477
1215
930
748
1942
1276
329
501
1872
481
1978
938
2460
761
1048
1155
677
408
866
336
2599
1713
1084
1032
1390
1174
712
1490
1831
404
1805
2430
1957
1194
12
1282
701
2253
1511
1030
128
1450
394
2420
912
1466
1820
2304
2424
2104
2027
756
1617
1154
340
1388
2379
2092
2330
139
255
1418
611
2307
1707
1286
2280
2544
848
485
1098
2461
2146
1183
2103
419
134
129
1233
1020
775
1320
52
2312
845
43
2341
463
800
1795
936
1275
1091
2318
175
2105
1994
1216
1161
72
2165
1989
1889
1321
1983
2309
1633
1538
2316
764
2238
1143
790
552
1373
804
1550
605
42
1732
676
1527
432
846
2195
2306
1205
577
1972
1508
2553
1807
960
2414
604
1199
600
2117
643
2040
1471
1224
1965
2017
1512
2434
391
1485
243
772
309
979
750
1572
143
834
2252
2118
2499
2249
2055
659
1975
1914
927
1722
197
1724
1170
2069
1518
2402
1317
2172
2230
717
77
1613
784
1590
1828
384
2371
2484
2483
1196
149
294
507
213
1127
41
1125
420
1436
1168
992
651
307
265
1976
985
987
681
351
502
759
1458
1902
2389
2275
145
292
1176
1723
2418
2595
83
1363
742
317
531
273
1663
1019
104
2527
2254
2070
606
2141
924
148
841
67
125
1915
2198
1253
484
1178
1912
1959
1535
2258
3
262
