606
1951
2189
2050
203
1299
2312
1318
1521
306
437
2400
1036
261
1868
35
877
1273
900
1580
1770
702
524
2270
1265
145
1945
2060
1582
2139
256
2310
1842
1237
2484
2429
2436
1523
2172
2491
1956
1540
1518
439
851
2173
1887
801
2482
805
1751
924
756
232
2165
1248
622
1798
1086
919
565
1525
1113
2314
2144
2457
197
619
817
193
1676
1447
2407
2163
563
2409
764
1666
724
648
1119
2361
936
64
463
580
2161
517
83
1056
457
414
1390
471
2364
1632
618
1524
2218
1170
876
527
2585
1628
885
1292
1626
2548
1372
2108
1226
221
639
358
2340
986
1077
1408
1467
2395
761
2342
1195
1796
540
2211
1812
581
506
2295
1777
516
70
2466
1893
951
454
1675
697
1490
1505
916
177
1900
399
1589
1024
1415
435
311
1249
1439
1337
2524
45
1577
1431
1263
1386
2167
2039
547
1537
1214
339
2480
2530
1403
750
902
2425
915
284
442
1432
609
662
861
2401
475
1919
459
10
949
2040
71
1445
2224
1892
2511
2347
67
1179
226
1594
969
2034
484
1223
2408
782
1883
2423
735
1799
1905
890
2219
1221
267
1717
3
1075
974
1976
2101
102
1817
810
2083
1686
1825
1364
2035
0
595
2207
386
2266
1964
1088
1911
690
2515
1738
661
689
2503
963
2441
588
1355
1939
2494
672
2166
1218
1592
1670
450
845
2294
1283
135
2243
2356
1542
709
246
2456
1278
1381
2125
996
628
321
973
347
1584
104
1430
120
1572
136
1360
1395
2121
165
1602
1115
608
1660
1847
214
1536
982
259
283
2220
2110
658
288
397
758
2066
2399
1393
217
1260
1167
1332
2271
1532
2142
1511
930
1193
1557
2195
539
956
523
1341
338
1941
1095
304
1617
2587
324
2014
2564
2414
149
1607
586
496
1664
1216
1366
1758
2354
576
1484
1281
519
1814
1012
1009
1750
446
445
271
1112
1979
1071
1465
2462
1745
46
1336
170
1545
765
2092
1896
663
2081
15
1581
2586
711
309
119
2278
473
644
1110
85
1960
138
784
1952
1139
1754
2283
310
682
2085
1571
597
641
718
254
1222
126
1209
555
1882
803
1404
2317
780
1805
111
2111
1876
1517
122
1234
196
1158
330
206
420
2520
1087
1786
1638
2228
2260
2289
2504
1603
1018
1137
882
855
541
209
1052
503
2516
2428
1820
733
30
2567
2254
967
1481
2091
1889
404
679
2287
1035
747
2251
716
22
1515
2446
567
1985
837
2062
472
1693
400
2531
2004
617
2145
1150
43
1953
2002
2332
382
1938
2411
1414
1008
2392
650
2322
101
2000
250
1512
244
1286
940
1639
1339
2245
335
493
1961
66
2597
2115
2246
629
380
1184
2358
56
1709
526
2580
2566
1229
1470
334
862
2319
60
416
1810
42
486
1884
316
1579
224
384
1780
1161
2109
21
373
642
1242
899
2221
721
2279
313
1350
2532
828
2415
1872
1561
1714
2193
1243
853
2232
1089
1392
918
222
1033
1398
1435
1663
199
1177
1114
2316
705
2488
2234
1257
816
451
367
1569
25
148
566
2331
413
1135
1352
383
1718
1344
2555
872
562
998
1575
1297
2293
38
2240
2474
2384
51
147
950
2536
1000
895
393
1881
2204
412
1549
1531
1636
552
353
1224
1082
1694
280
1869
1955
887
1061
1270
318
1468
545
1599
920
68
2544
2041
1198
989
1425
26
1469
749
303
1426
2208
1646
1293
1311
1752
1353
2598
110
808
796
1616
2230
944
1793
2502
1172
913
80
715
2583
1127
16
262
195
2174
2344
2054
1715
1464
287
2519
1597
2595
406
163
234
1620
1194
1448
2450
510
1821
2046
1328
2177
2296
33
1491
1205
938
2178
1601
2492
2280
1827
1305
2169
1744
2464
557
1144
2087
11
500
859
1578
848
1066
1619
928
1755
1933
131
2383
706
1494
2096
518
722
592
2562
1698
1917
537
291
2019
1343
504
1134
27
336
1374
1761
1598
655
1530
1681
169
2424
216
1699
2479
441
1552
1897
1546
760
2318
2084
28
1215
2005
78
2070
2286
686
1103
2252
1116
914
1711
984
2573
2058
2300
1002
371
2291
1461
2304
2528
31
2387
1773
2133
2311
1700
402
2459
561
2136
953
1011
1302
649
728
1610
2599
637
1093
1128
1220
2499
2249
2273
972
2363
1621
129
611
1268
583
1
1548
2320
2413
1055
2212
1936
255
274
1418
1746
1122
654
1767
870
1275
569
2542
1060
1560
2521
2102
87
2434
2365
1131
2420
1081
670
39
732
1828
1614
712
554
90
1841
675
821
1405
13
478
1233
2099
995
40
548
1074
838
768
2055
990
813
1138
1725
1419
346
551
2578
1232
48
668
1313
2116
2338
1041
610
1401
2574
91
1846
1342
536
2463
1633
171
2534
98
2351
2422
660
1851
1516
676
1496
2560
1072
1679
298
2368
934
1683
275
1567
852
2321
1550
2241
467
1255
2244
2257
2192
1726
652
1099
2072
621
79
183
2334
2590
2018
235
1806
1853
495
1574
2468
429
2547
2592
1157
1690
1334
2068
1863
906
1450
2274
1931
1768
5
535
1877
2213
2563
1123
1653
1707
812
884
2575
1807
1377
477
997
1702
2149
787
1764
146
419
2117
714
1704
646
875
2029
299
927
2013
2444
2394
771
253
2152
754
278
2138
247
2222
977
2381
337
1740
742
1558
2227
980
594
1891
850
1797
2591
1618
1778
681
1143
1705
1042
553
2203
752
1554
219
385
1875
2191
1083
1211
1723
1507
897
362
2146
1541
620
2267
1147
491
1400
1054
1665
54
866
1776
2419
513
1423
241
2175
178
1543
356
1729
185
2298
394
2134
2546
815
531
41
863
264
20
1824
1043
1981
2027
1046
114
961
1697
800
943
1261
2327
1290
2336
1650
1803
86
910
521
1585
2231
1402
99
58
329
1630
1652
1791
1212
1202
1522
1840
1124
2326
1784
1476
775
2290
704
100
361
1878
1943
1733
985
213
2526
2150
602
1091
374
492
1239
2141
556
2020
375
421
1065
1003
2045
935
130
2430
579
2250
2472
2215
172
1850
1790
1631
623
2517
1472
210
1037
1367
2114
759
1271
1152
160
417
1534
1562
1049
1829
1504
2576
2370
1241
659
1258
231
719
596
1901
242
694
236
1183
2378
2262
1759
939
155
1485
1555
2010
501
1376
1174
2403
265
664
2103
1388
1992
1886
1674
2106
607
1629
1695
1487
738
1849
2357
1349
464
2183
1079
904
2379
1017
671
1671
1701
898
559
363
134
1529
726
1100
391
2496
1593
1856
2376
723
2471
857
528
1566
1148
1845
438
1519
2559
858
2501
1463
947
1303
2313
2194
1027
1443
2206
1906
239
1595
1720
1730
1050
842
1023
626
1180
1250
6
1164
2188
1363
2509
1925
1988
1475
2527
409
941
272
2315
811
479
2216
2565
1958
481
1801
834
89
1382
1140
1057
2201
1520
456
2137
2386
2348
24
538
422
873
123
300
1304
1359
1104
1073
572
776
1462
1070
2437
1866
1788
1813
452
1254
509
2412
1192
1483
818
52
96
1053
703
408
1763
1910
1324
1345
2168
302
1251
1855
1959
630
494
2282
2297
2556
2042
1048
294
65
1101
2540
1154
248
1256
1838
352
1724
1843
598
755
1323
2391
2390
2335
319
260
2396
613
2077
1044
1509
1460
847
656
988
1867
245
727
1923
2171
2369
103
1340
1535
1865
2008
1808
2458
987
893
1424
1576
1291
37
1857
1348
514
1565
1568
482
1932
2107
585
2453
1789
2337
2486
846
1586
1802
1583
2153
415
849
286
1823
1080
2594
1902
443
2239
1335
1375
2330
766
744
1428
1929
2323
2155
2426
1457
745
1970
444
328
1600
1107
2016
292
1399
2535
2028
634
1479
1200
2440
2405
1004
93
2022
1362
1285
729
1588
1016
1032
1794
1276
772
830
1971
315
1365
2157
1021
290
833
1269
1719
1969
392
1394
1319
2493
1498
133
1833
643
631
1141
2371
468
921
2033
879
1440
1111
2007
12
1927
2182
1090
2272
1538
2584
1387
190
691
809
1861
1965
1736
243
710
2485
2350
835
1346
978
76
2217
2214
366
2259
225
912
2001
2301
1862
369
2003
507
29
785
1982
701
1169
1573
1978
748
1858
2129
1501
431
153
176
1913
1312
1684
2202
843
97
2017
1710
687
1284
1289
44
2589
1173
645
909
770
1551
1031
2581
2477
447
789
891
1604
2489
757
1396
589
410
730
860
1199
1296
871
1895
1742
2572
1069
1028
1451
696
844
2210
964
854
2011
2513
1219
807
109
2449
476
1282
1915
502
2132
1159
1182
883
1713
1957
926
1064
498
2112
1438
2263
1129
2154
693
638
1321
180
707
55
2080
2561
2247
186
869
1962
2557
1406
2269
1885
343
1830
1854
2355
390
2061
2186
229
2352
2086
1097
1117
1587
1914
1444
573
922
2349
1416
370
1330
2229
1181
2508
314
2552
1999
1005
1454
1062
359
1510
1894
1379
698
2418
958
688
1834
220
474
1175
2069
880
168
1642
1149
1294
657
740
1010
799
1984
2024
1034
2523
2467
960
791
1963
1436
1795
1322
293
700
202
1514
128
63
1279
2032
1655
240
795
376
249
50
1590
1651
508
994
2305
542
354
1623
139
1191
636
633
822
819
1818
1975
2388
901
117
1564
841
238
2308
322
2281
1605
2276
1678
433
1774
182
1765
1940
2345
1769
979
778
1556
1649
666
1928
1397
832
74
59
1924
223
175
1749
164
1455
2483
1903
1907
1506
1217
156
218
856
1085
2353
1384
1527
903
1826
767
1606
1437
372
194
2143
405
1358
1410
647
2248
1513
1741
685
73
1657
1804
2478
2432
2417
1370
1635
1020
1196
1125
533
1800
591
357
1368
840
2341
763
713
1972
769
1669
1287
325
1189
794
2205
426
1301
1692
2385
1118
993
1026
584
159
1781
1186
151
2550
1486
2238
2455
683
1013
1811
1640
388
1203
1996
1007
53
708
532
1974
161
574
1966
2088
1427
2015
1272
1832
983
2043
1772
582
886
1385
154
94
201
2223
296
333
2439
1185
925
2366
1967
1015
549
2431
908
2448
2593
2124
2268
2497
786
1672
1762
1559
653
1417
2264
2094
1453
1839
2048
2052
2063
2064
999
1068
1689
158
1973
1732
1500
2025
1449
1045
2236
1316
1871
1166
1307
1682
1993
281
543
1201
2469
1314
673
2476
604
929
1442
632
1156
1553
1029
395
1371
635
1096
678
788
515
720
81
488
1816
1458
1570
1006
453
2302
332
603
560
966
578
215
976
2275
1300
677
2393
530
1120
1151
1608
1146
1477
1001
2454
1743
2443
2549
1446
125
864
1441
2375
1136
351
2571
297
1787
1712
2490
88
1815
95
534
1298
1482
485
571
289
1413
2539
187
587
8
2410
746
1429
2343
1373
1471
2057
2406
1661
667
2258
4
2329
389
2160
1680
544
2170
2582
625
1526
105
680
1935
905
1899
558
1259
1213
14
1421
1898
425
1022
1658
981
423
2543
1474
2199
1703
2588
2507
2577
1412
1528
1317
2309
878
2389
2130
1478
2159
2127
269
1533
1831
377
69
1721
839
1989
1785
470
529
1244
340
1997
1492
892
1047
1728
1165
7
2209
1109
401
1998
1380
2404
911
971
593
2554
1235
1934
2380
1025
1809
295
72
577
2031
1654
2113
699
84
166
753
2377
312
2518
568
205
614
2100
466
814
1904
192
1792
1067
1092
1288
398
2461
2372
61
665
975
118
1656
881
2452
1625
751
2569
2026
968
1309
1106
2225
992
2006
1612
1456
1859
2558
1098
1779
2047
2438
1994
1822
2402
1949
2442
1508
263
1909
601
184
204
1252
736
1722
1204
2131
1306
1246
2119
1038
19
867
1078
320
428
142
251
227
695
2147
1227
418
432
2397
1452
874
1687
1411
2071
933
1326
932
1708
2067
1890
1168
282
2299
1647
2473
1991
1433
823
273
1420
2118
991
121
2500
378
684
1627
783
2187
2505
1986
2506
1207
931
1947
945
1264
2514
1206
448
1775
2012
365
2481
907
108
137
2076
348
1673
1983
1132
2184
777
1493
307
497
1488
1645
2568
2009
624
2090
62
1624
1105
1142
550
790
1760
2596
266
2120
326
2435
1210
212
1977
2460
1946
774
396
1267
1357
487
1280
1739
2128
2185
2529
258
937
1591
505
458
2056
1615
1230
308
1084
1937
1266
364
1208
2522
1677
2367
1040
522
2447
2324
1422
1133
2292
2237
1329
2265
189
954
1874
865
1731
1668
1145
1236
2179
2181
1039
651
802
2445
1916
1954
32
2551
2525
77
1240
1434
2044
1315
1753
2346
1837
1659
2416
483
1030
179
1782
480
2126
2242
112
1338
797
889
717
1489
1942
2197
779
1059
387
2579
1466
2545
669
150
436
2021
2164
1354
181
959
1852
725
1361
1391
1950
403
965
440
1648
127
17
1274
806
270
894
381
173
18
2339
1378
434
2374
342
2233
2398
1153
1888
546
605
957
2089
616
1102
731
836
2328
917
946
1836
1019
942
430
2498
191
2162
407
923
34
1162
2362
285
1685
1611
1944
1727
499
2148
2421
124
211
230
2075
888
368
1247
360
1262
2284
317
2093
143
2030
1325
1308
1539
490
47
113
1844
1155
75
36
1126
2307
1310
2325
174
