1233
1072
743
1111
1336
229
543
26
1985
762
1653
922
2465
2205
1663
242
1914
1709
1541
1284
268
364
1114
1197
2445
2295
1163
544
774
1150
1942
1228
941
2019
1440
790
88
1211
8
1409
1559
1817
1144
2335
2255
1330
1549
1612
1499
393
2510
2596
1805
2231
727
1482
875
2367
17
704
1108
706
2478
1389
2482
1143
682
1311
1203
1910
1949
631
1468
1355
2575
690
80
192
1248
1791
1606
607
228
414
1820
2234
2050
2469
915
2215
617
1433
1693
1855
9
1509
728
659
1025
970
868
676
1391
1749
1446
1616
1292
856
1100
1161
2079
186
1450
793
1136
903
1077
1884
1838
57
1674
2574
1329
2174
648
519
448
2467
58
534
2062
1013
921
1530
2292
1952
1412
174
571
125
1951
1643
23
62
2515
1575
1728
1656
168
473
877
760
614
1415
551
1124
2545
112
1827
832
2007
193
1497
1565
1719
1010
2172
47
740
1900
260
508
386
243
277
2018
1395
195
1834
274
340
81
1397
457
1988
382
2361
264
2216
1507
966
1821
2149
2535
2191
1279
266
295
1341
415
1346
2548
2336
2266
21
1307
1304
2462
1510
1358
850
1927
1680
1990
2274
250
406
439
1668
134
1186
1624
2005
94
1249
1373
159
535
1263
1320
2534
1701
2284
1679
1184
2379
1864
1484
1021
167
2154
428
1120
1272
2280
678
1637
725
1859
1501
863
1960
920
1410
2031
1430
1741
2135
1608
1609
1457
1757
176
960
155
1420
461
524
1312
930
2243
194
137
397
1319
1833
2584
2352
817
2279
1756
303
627
1469
1640
1814
2228
2047
2543
25
380
873
2155
711
2101
904
554
772
1496
1045
2328
2497
2365
441
751
688
1651
826
2254
1451
2272
1024
108
948
2340
2221
1714
777
732
2195
438
1777
311
1683
1351
181
403
2193
2119
2029
2113
1128
354
886
45
132
1829
797
1087
1474
2293
1670
410
1331
14
996
396
1270
70
1158
1098
506
2567
1804
2404
2324
2418
538
1621
69
238
733
1956
97
2330
1808
1563
1129
1159
1578
2569
188
1521
1176
703
212
1789
267
251
720
430
933
931
2093
981
2308
1057
1517
767
2167
2230
1481
918
1527
867
869
1746
1921
359
844
701
608
625
788
273
2554
2173
1478
1239
1152
1597
2176
510
1278
261
2331
1761
1585
802
294
637
1652
1678
191
1432
1700
2532
1919
152
541
2059
1454
2182
2178
2064
318
2043
1641
361
1041
1630
427
1419
2072
2377
1550
959
2591
2578
698
1492
557
141
1177
2551
1372
373
1954
1009
1812
258
1119
1648
1394
628
552
163
187
586
1465
2258
55
320
1839
202
984
2474
2142
1425
1599
769
2586
1518
971
2401
1891
1913
1491
423
2233
27
823
433
2506
1106
537
2224
487
118
1353
2517
2432
53
2054
2250
2081
2345
1034
1854
1460
980
281
1207
942
1174
730
1736
2299
2298
2332
1935
429
2139
988
2294
1948
455
955
2464
1813
2446
893
578
157
783
633
2576
253
525
917
1093
1727
1103
1068
972
42
1040
377
459
1623
342
738
736
1784
1992
1458
1112
1846
1002
1986
189
22
2514
2045
257
2472
339
1564
2310
2074
2461
1442
2441
1117
2096
1354
16
1840
1664
2463
73
160
444
1732
1584
180
1555
362
1271
2023
1366
997
2048
1500
1622
2483
1638
809
493
375
149
2257
2304
383
2378
1943
1428
2207
1981
310
1686
2034
1907
837
1042
2594
467
2428
1154
1552
1941
1831
2581
1577
2133
205
2536
894
699
794
1743
2008
2089
477
1786
615
833
1104
857
501
1569
1142
2585
1635
522
1595
2437
2558
300
2434
693
2407
950
2088
2563
1453
2001
2092
333
2196
328
489
1049
1688
937
2038
2116
1823
956
43
1427
206
938
2315
1760
2344
404
1848
2102
2326
590
1030
1837
785
792
1672
1916
298
1385
24
1657
1694
1594
1137
284
216
836
795
1826
7
184
2334
2488
1234
1567
1676
679
15
388
2355
2109
2435
1715
1524
1448
1592
1776
2566
976
1936
343
2503
66
1452
401
1254
2316
2022
778
523
775
115
1476
1368
248
2222
2244
2525
185
536
1980
1437
2400
1199
1305
2286
1886
2235
1811
86
526
2136
1673
407
2209
1456
647
892
1930
2111
2187
946
129
1850
1917
1744
299
1801
952
35
1905
653
370
1852
2190
130
759
1523
1074
1302
6
1665
1264
1508
102
758
1699
378
2146
511
2075
1244
2097
870
1090
2206
1413
2046
279
2011
2141
2373
1178
786
1347
1073
1933
1196
780
2152
355
1734
2211
713
2300
338
183
1772
1724
2086
1334
2546
1561
437
2599
211
754
2296
1349
1201
2349
1809
2420
1824
2339
2153
829
2306
934
502
2414
987
726
909
1751
908
1659
324
1291
782
1763
2084
171
2090
2301
926
532
1902
2383
1219
1212
2021
126
636
208
90
1123
757
488
514
1306
664
2212
1490
2055
2493
2512
18
1236
128
175
1350
1164
1692
1843
1803
705
2070
533
1851
2475
336
606
589
610
1629
983
217
2033
932
1961
638
172
671
1874
1058
1901
1810
1273
1230
2014
928
649
442
1085
1235
2322
1582
2598
2129
162
883
2427
1775
190
964
2248
1531
575
2164
1116
105
545
2597
1795
1566
285
1209
224
718
838
2477
1171
1360
322
1873
1153
2127
2061
1173
2409
810
1477
579
1170
249
449
1849
1257
1899
1246
2502
1979
317
1994
1038
1194
1088
1256
2003
910
1328
286
316
2095
323
721
1344
2131
2208
2402
681
919
92
87
1771
2066
2232
923
280
1898
556
331
2100
1215
37
1687
943
1726
1377
2564
220
398
947
1200
2107
896
661
2282
2343
1977
748
46
2150
346
2491
2426
1493
1588
1243
953
2117
349
989
32
2538
766
583
2267
768
341
124
96
1348
1146
227
1503
1893
1836
539
2386
2405
577
2430
2550
1704
789
1667
1556
1258
1697
1788
2318
585
1384
2108
620
244
840
1237
1055
411
1888
2128
1649
1711
1537
1297
1162
753
1675
645
2587
2320
677
1043
2450
133
1342
1443
1026
1841
2565
521
2369
1974
2214
91
201
513
1845
737
446
672
1879
1633
1605
1001
1553
2285
1972
864
153
1269
2382
12
2000
1149
119
1018
2157
2443
912
63
390
2202
289
214
745
2180
1615
848
402
1661
963
1414
1587
2471
1191
1572
1475
2372
787
1908
2242
1020
39
2099
337
2225
855
450
1982
1950
2417
245
765
1255
1379
1702
1019
1130
379
1333
417
1113
1830
640
1444
169
2080
1005
1768
618
218
584
1470
1860
2227
1512
1298
2380
1392
1748
472
19
1071
889
623
114
312
1867
504
1223
2077
531
1924
674
151
1473
1589
204
1008
2114
50
1669
2303
2144
1464
231
2160
1911
297
1007
1227
2245
1971
135
1825
914
1145
1374
246
887
555
1591
99
1737
1645
1388
1411
604
1168
1983
902
426
1110
1903
2374
1364
2456
935
670
329
1122
2246
612
784
456
2560
1099
798
553
1426
806
1627
2570
1689
2513
1928
476
2520
400
1892
2217
1097
1382
2281
1781
2002
876
2297
695
1601
1202
1934
1863
30
1878
213
2032
122
1987
164
2251
1141
365
2219
2459
1596
1792
2518
2561
2239
254
2
1398
1375
288
107
1875
462
1729
516
1387
843
1515
2252
1315
2201
654
1033
616
1546
1356
2429
116
1053
1590
1769
626
1870
1923
1006
916
995
292
811
913
1797
2577
148
352
1335
814
1894
1181
2057
2433
1819
2269
1558
1765
1725
2094
673
1593
2327
1079
945
1571
2419
2278
1321
939
1579
969
598
321
1193
474
2035
2249
2220
123
2163
139
1317
885
755
1731
1204
1568
1752
658
692
2169
888
182
1222
1807
1581
106
771
2069
1135
276
1138
2411
905
33
2165
1027
464
2049
1721
93
2291
603
1754
2218
746
2210
325
834
1783
307
2017
2168
1539
2490
481
1268
2423
1016
1562
2390
486
2137
2288
2529
729
233
158
1185
1125
878
136
1084
2360
1895
1294
570
1132
2555
962
2115
419
1066
2484
2073
1885
1369
1929
197
1876
2319
1655
1487
929
684
841
1187
847
1557
367
1260
2453
518
895
259
131
1014
1115
1909
2452
924
144
2283
262
1535
2256
675
234
1247
1403
599
1441
2415
3
1844
2226
2026
1785
724
651
890
2052
363
2309
104
2259
1802
1774
940
958
2580
1753
452
540
1190
1480
849
1061
2112
2229
865
2436
256
1532
548
1139
1231
858
1241
198
5
2030
1548
64
1755
1134
1300
154
2104
547
1400
142
1644
1993
1179
2509
460
1339
2480
822
568
591
2589
2351
2438
2321
48
1275
1314
2347
2223
1945
2371
1871
309
207
2025
2241
1310
1691
100
796
982
51
1603
2403
111
801
512
2058
600
1551
1267
1467
1538
1309
1166
1543
2106
723
1147
808
831
420
719
2265
226
1720
82
1636
663
2143
301
4
20
2540
1718
2410
2181
271
2161
2124
1322
2247
1528
210
1313
710
1052
2393
800
1172
76
127
2185
2020
660
2192
1626
1210
302
2042
1156
1856
1376
2194
707
1617
1070
1059
1733
613
1632
179
2053
2037
2166
999
1660
2138
2568
1818
418
1447
574
655
1225
827
345
59
853
1094
2489
145
1404
1435
1169
1082
667
734
1710
1048
1407
1357
270
2408
2151
1102
2183
1654
1896
1381
1155
1618
1359
469
911
2553
2476
2388
1758
2189
1920
2562
196
1439
1422
815
2395
1175
601
689
1745
697
852
520
28
1554
1650
1131
2381
1782
1393
389
1276
199
2526
2170
1226
1046
975
36
241
1798
1613
597
1770
1324
1931
436
1816
269
1815
813
1004
900
2583
2473
1647
509
40
2486
2004
335
424
1915
470
1229
391
1118
1485
1408
225
1037
2348
209
2531
1337
2444
1703
581
1318
1198
1883
2522
2010
1604
2454
2391
2039
596
630
1991
845
263
1429
1399
1705
1631
371
944
2147
485
1083
1520
2359
2013
1598
1997
278
1969
2312
1242
31
993
2521
2120
495
990
500
376
2068
2027
546
232
1614
221
2387
1995
2573
1965
1036
265
991
1996
178
901
1536
652
413
1534
2040
550
770
1666
2505
1959
2277
348
1690
1438
2516
2260
353
405
272
1240
2455
1779
998
1148
1345
897
2425
968
687
1505
957
1522
1504
1287
994
84
580
2083
805
366
65
565
1011
1067
1461
1365
2500
1180
985
879
1944
1277
497
906
247
384
1251
1730
605
2519
1560
1964
77
715
1183
2470
2412
1937
854
10
2118
2140
1862
694
1576
619
1421
1445
314
44
529
1050
120
2082
1486
1459
1064
1416
1262
588
1031
709
1361
828
2541
1282
882
2105
1773
2499
2468
219
2457
2424
75
1495
1957
1217
602
2314
399
422
1308
1069
416
2398
392
756
2346
1966
749
1796
2236
2376
1872
2508
1828
696
951
494
656
974
1932
1502
949
978
350
750
1280
1973
2440
2015
2041
2184
1220
1288
2171
791
1081
1488
2311
1462
83
13
1897
528
1646
1032
308
387
824
871
576
925
1092
668
2590
468
1386
812
1696
1967
860
1035
712
496
1620
236
344
1533
49
1265
1955
2305
2364
1544
1586
595
562
2186
1926
2262
52
722
2188
2588
1940
2122
170
319
1976
61
2060
899
1188
451
2134
1418
1887
1189
1882
1362
851
708
866
2384
1953
1192
2350
1607
592
1405
820
1762
98
582
1968
1000
2549
2394
1023
1466
961
542
1301
2307
369
1681
2501
643
1835
2275
203
593
1062
569
2421
1293
2413
290
479
200
1127
1868
2579
1472
622
2179
327
2368
334
1767
1857
1095
803
395
587
2354
1424
143
1086
1739
1707
880
835
34
372
2528
1028
563
2527
1402
2076
1506
662
2290
1483
2572
2012
977
240
2006
1370
1316
1759
1602
475
2123
1039
1434
2240
1713
2197
717
2542
161
223
2460
1107
492
549
2289
1289
2547
140
1205
1253
1519
642
1662
2264
2358
1717
463
624
1706
2495
564
1285
1054
1600
2325
79
483
741
1842
237
1939
1436
287
1787
2406
2317
471
2087
2370
611
739
936
691
2056
2271
1723
2523
979
491
110
1325
1906
85
779
332
881
2213
2067
1378
498
1078
1029
561
1525
1380
967
1498
484
842
530
409
2595
1105
1742
156
515
1165
1390
1989
1290
666
2270
165
1790
78
1047
1245
731
1880
1918
1946
1133
2592
1963
1214
1167
360
453
296
490
499
2044
1283
1479
1542
1574
1922
2458
1252
1547
1858
239
482
440
1295
2399
1332
357
2448
1984
1343
1545
2158
408
1514
2487
54
306
907
776
773
2159
368
1274
1076
1778
1529
954
2199
1417
2492
1406
252
2481
1610
394
1861
1806
2496
816
1799
2498
38
465
1740
2449
821
1625
657
2375
1352
1056
572
150
215
1750
1140
2261
735
11
683
89
573
1570
702
641
1832
1216
1912
2204
71
973
421
2063
872
1449
1970
1925
1698
29
830
2353
235
1221
1096
1793
1780
1712
1526
804
1685
752
1463
1044
2273
566
2237
1
1716
2559
839
101
1853
2162
1962
2148
1286
1735
2238
1080
2302
1091
381
761
0
1869
744
454
1628
1573
1250
2389
1101
1266
1383
1126
2313
2392
1684
862
