497
424
2582
1352
1991
347
1573
1252
2498
1504
260
1503
1213
485
1457
324
155
1962
1901
438
2028
946
1288
2089
2573
2267
2183
2366
2042
321
2553
1954
1319
1119
2107
751
1176
148
1267
1614
2415
1853
2048
739
2426
38
1542
1053
2110
1280
204
270
794
1395
2270
52
474
1378
2075
2169
1030
2208
1664
306
2071
621
778
595
2276
2430
2032
370
362
197
2317
1239
997
1329
325
2160
2372
1449
129
1096
222
1028
1414
464
2543
1077
2151
493
1184
536
543
1860
1678
2063
2481
2239
1191
1761
1480
2556
1438
919
121
964
736
1637
2523
2298
1708
334
2442
1671
784
2014
614
2494
1413
2164
2271
114
1837
1075
1419
2490
1320
65
2268
18
2500
1353
1980
822
1326
4
1428
1983
1120
416
647
2484
1985
2181
1674
1218
721
856
804
920
367
163
839
2219
2051
1018
2351
907
904
1862
1977
1122
1210
432
1867
1164
1465
1019
2168
507
1516
431
866
1341
233
1137
1554
2216
664
2341
835
183
1851
211
504
224
1942
741
1707
1024
2058
1938
242
2182
1591
598
246
2409
67
1297
258
2167
1639
702
2156
1021
1138
973
701
1139
2015
1859
2259
184
169
1041
1063
1153
526
1887
1089
219
1404
2499
1281
386
2002
2566
389
1703
654
2336
851
2537
2554
305
2234
644
1606
742
2453
14
1541
2152
274
1174
535
681
847
1895
2368
1914
1001
1358
792
415
2383
1303
308
1114
1823
2559
1526
636
253
1310
987
9
2091
1666
1594
1982
1189
2294
2588
1822
2312
62
1577
1247
1412
2272
1848
428
294
1379
1144
2370
673
911
974
344
1296
1099
152
942
2074
2011
2105
748
2296
1695
892
448
1517
1015
2485
2574
2387
699
343
585
723
996
453
1334
789
134
1372
1384
924
518
1074
2185
31
2297
2260
2201
374
582
969
926
366
1361
50
225
853
1797
272
1090
89
1386
1615
2425
361
2395
19
896
1659
775
1262
1846
1451
2301
550
671
2150
1423
970
2172
1436
610
887
1675
674
2053
810
1746
1757
95
1034
2111
2340
2518
1351
2109
2287
1902
1054
2526
1208
575
2030
2546
1497
231
1889
1633
1106
689
318
1224
2144
988
1946
2447
830
503
2365
2525
1814
2394
1713
442
2512
243
37
1105
1852
388
712
522
758
1530
1251
563
852
688
528
482
135
1854
1268
2558
899
1121
1389
2189
1652
1401
2097
980
2070
2578
480
2550
1046
1188
1082
2279
2419
603
762
687
234
1669
2237
898
354
440
1392
591
1396
1884
1136
2018
1970
1866
2521
727
2284
5
2257
1683
1440
2388
1356
2539
2228
1619
2195
2570
1845
2212
1284
116
322
1260
60
1425
15
2037
2597
2173
776
1345
122
1769
46
1772
2068
1667
652
379
1828
2306
1478
1549
316
1321
1657
1243
1051
2191
1763
2026
2533
2281
642
83
2204
583
912
2322
1258
643
564
1439
196
1595
2247
1002
2501
619
2414
2379
1749
1893
1964
1442
1302
420
1786
1988
1415
2328
1434
1068
1427
2205
693
2321
1496
1694
2004
2225
1285
1827
921
1130
141
2458
91
1227
2316
1511
1290
1751
88
21
1710
2269
1638
923
2555
1878
172
368
175
1033
616
1785
2349
1200
2307
2161
47
512
1330
513
1877
1382
1437
477
1506
1648
355
1922
838
1177
1259
423
827
421
879
1661
164
2583
177
880
419
1311
2562
1022
2020
1798
2027
357
2422
2136
1855
1927
811
2135
1931
2427
1936
1679
2049
1726
1998
1476
240
310
1233
1222
2434
1495
1198
328
1073
861
1818
238
2061
1128
1993
2127
1464
48
1159
2039
514
2339
2104
2441
1084
916
1739
2175
1047
692
165
965
1473
188
42
1858
1868
192
1158
195
1078
1935
2329
1097
1780
1011
2325
797
2591
1383
2033
1990
1536
251
740
110
449
1645
2567
697
2464
1505
546
2052
1888
533
2031
143
1008
2319
1246
2369
111
2467
757
1244
1076
1228
1512
371
1370
1013
1405
805
893
1274
1825
1081
168
1052
1879
1472
1966
1410
351
1131
2594
119
1463
1362
2460
530
1791
1087
2059
68
1548
1676
2223
1085
763
785
1774
437
1471
1691
2362
2119
832
25
2080
1911
719
876
2231
1507
150
746
2479
1441
262
146
1023
427
1582
2551
1500
577
1069
864
2376
1635
906
1250
468
2009
979
1894
2040
71
1292
607
1971
1735
576
1066
2404
1560
1165
2016
1518
940
363
292
1680
1630
1289
2280
142
578
1039
1744
910
2496
2262
1470
807
1759
1527
1641
1335
947
826
36
2024
1886
1539
1135
171
2194
633
2561
2079
1167
953
75
250
299
620
935
2114
1698
1973
1125
1397
2385
1656
932
1869
600
1587
782
1408
1100
972
679
1385
821
78
2066
1575
2346
340
659
461
1203
1948
1038
1776
2255
1951
2444
1724
2585
282
1758
2138
561
529
417
1847
1458
2446
1143
2428
382
651
573
1193
293
2241
527
85
2436
1000
1616
2408
1169
2148
223
2401
820
1426
1967
1488
1223
2587
444
130
245
635
266
2098
1543
2067
1209
2081
256
1547
1098
1747
1276
795
1929
1040
2041
960
2170
1448
2315
1535
2440
2218
2010
1905
1581
2541
2403
2022
938
2313
2000
2593
1662
280
1086
1149
1520
2311
2285
2461
1095
1523
271
1343
2123
525
2452
291
1745
230
726
2282
2314
1116
1318
658
2435
1976
1808
1501
446
1538
983
1728
30
2235
1145
2242
1080
298
1065
537
123
186
1765
2359
1738
1939
859
2108
1989
1534
2384
1924
1916
2552
1363
545
385
102
684
1455
2012
828
220
510
1112
928
2348
1433
558
214
2565
1618
580
2373
1195
568
1380
2047
29
624
2129
1533
772
1729
1278
202
1562
506
2343
1875
1719
1155
872
1642
2506
1663
1532
1151
1585
2036
489
1070
1062
2399
1031
1400
846
2069
1565
2113
1644
2471
888
404
1104
2206
24
86
2564
1734
1687
2090
268
1025
2288
158
209
2178
1407
571
1681
2540
855
808
2374
2535
429
73
350
1298
399
958
409
2515
759
1601
894
1816
2112
2274
200
2396
608
1424
1409
1037
365
1387
927
909
1514
33
1806
1953
551
1706
481
1390
2007
1004
2277
704
590
396
117
2073
248
685
869
1509
2256
1094
628
768
43
2207
346
1593
771
469
2338
1202
1933
1204
422
2202
1282
1688
2209
2386
410
286
1952
2575
1874
984
7
1308
1485
147
998
1963
247
615
626
937
1544
2580
978
226
1108
1005
1443
1955
1945
1399
2350
2520
1692
825
2367
2584
1059
2581
2155
2254
710
2477
542
2353
2197
278
2085
1238
1566
844
483
929
1896
2542
956
105
1376
296
666
798
1263
2411
187
1115
2324
1271
189
2055
675
93
2210
2327
1871
2082
1861
1014
484
773
392
1515
1712
2273
441
1941
180
1809
1702
1042
2275
331
1803
418
1813
1327
488
1110
592
1249
1999
1141
2448
743
2252
1307
1723
531
630
1460
2035
1300
1631
1293
137
2229
358
1766
567
1452
2397
637
1373
1574
1782
450
793
1881
882
1367
232
2087
70
1600
917
2118
269
874
812
1880
56
765
1324
2423
724
2147
1521
2295
348
735
720
962
144
2238
1444
159
267
2586
922
2137
2410
2310
1762
136
1170
515
943
319
572
103
604
738
395
541
1636
954
734
902
991
1
1317
566
915
11
967
467
860
1366
2005
2392
2489
1597
574
54
1374
408
10
1799
2095
1394
1793
744
1027
277
1226
1057
1207
317
1435
708
1802
2044
1579
2528
2309
2405
1056
2508
257
1134
707
2158
1182
1730
490
1279
2249
809
244
1422
61
1975
90
992
1109
1741
622
455
377
1883
2516
1974
26
1240
349
1242
818
2076
436
1996
823
96
320
326
1960
2124
2511
64
2025
2487
1968
32
2240
1892
2250
534
309
115
1219
868
107
2382
680
1824
1930
2492
1733
840
936
601
1997
862
452
1187
985
1513
939
1731
1628
1286
918
1570
2050
709
817
120
323
1979
2116
1569
2398
1790
1908
2157
1525
285
1482
2519
173
1508
2174
2193
1696
1388
2146
2077
443
1283
2120
1553
166
138
1166
412
2357
35
1339
2532
1232
2459
1740
2165
2421
2134
2589
867
2406
58
1323
1146
2345
749
1454
1838
198
1599
193
524
2572
1898
1742
414
259
2337
458
1162
1783
1124
426
1788
1603
1608
989
1072
2092
1787
999
1103
2595
961
1598
131
1826
1459
1625
2530
221
1705
227
1156
648
1621
279
1369
509
2045
45
44
1937
2060
2221
1984
239
2524
1107
1920
612
1416
1817
413
816
796
1211
700
897
125
2099
465
140
2043
2304
849
1552
631
1181
387
941
1421
1299
1225
895
1756
2439
1216
303
2449
97
691
2462
1596
632
683
557
199
1777
2283
390
1588
185
2473
731
1483
981
373
2188
2300
1212
802
1111
264
617
66
2102
639
1755
1958
548
1870
1909
2412
1236
2128
1475
2486
662
2416
2215
2476
767
865
1328
1368
1775
2568
2347
1717
1907
1727
2084
300
803
661
2243
2364
2203
2457
1725
725
201
2599
756
2232
1567
2305
682
623
649
178
1820
381
2220
1234
329
1767
1221
2563
1981
655
875
747
498
462
2390
1337
1778
2527
645
261
1604
2548
1831
1928
730
2214
1196
203
1890
1686
1194
2493
1101
80
1812
696
154
1926
2326
788
653
1006
555
1556
990
1264
2056
547
1897
41
1045
2522
1736
605
1163
650
505
473
1576
1524
2094
2429
1235
1685
2264
733
229
1684
2078
2308
157
597
1256
2378
2342
602
1609
2483
479
957
1371
2529
799
2560
1830
1947
312
378
755
1590
1273
1839
2513
1272
1764
841
1375
2132
587
2117
2438
1810
1186
871
667
1248
492
2192
1677
2131
934
831
1007
434
2115
2034
1932
905
2224
384
2100
1697
959
1083
556
1092
780
1992
1660
1393
393
2450
1355
2389
554
1173
1620
663
2233
2046
2371
376
405
2125
2469
1403
1197
2217
1009
559
1467
476
669
1192
283
1344
857
2186
908
1670
338
1592
1313
1466
2142
814
445
2468
1957
1035
670
1672
1720
714
1453
750
1965
1829
1060
1700
1309
1986
1795
1064
218
2013
301
873
729
1622
235
1900
1689
1316
1126
2545
1347
16
397
265
2356
1127
678
552
1026
2222
777
132
1020
1446
1474
2544
1699
1617
903
179
176
149
2227
1807
275
711
2003
1584
1578
2001
1305
1160
1611
486
2180
665
1647
1646
1781
139
586
752
565
1175
2437
1461
539
540
900
208
1906
836
562
205
156
2503
1067
1940
2278
994
1093
1502
963
1811
181
1944
1658
1753
1835
886
1716
1479
1132
1241
1558
1229
1154
290
210
1629
625
1789
1537
1956
160
2236
1481
380
2478
1180
1049
1978
1348
1486
425
1819
2159
1714
1253
753
1079
2482
1750
1844
690
2330
2402
1306
2571
1557
2196
491
216
891
786
722
2083
1876
1891
2299
2133
213
55
100
1959
517
1431
345
843
72
1709
2474
570
606
2377
1450
1029
2163
1624
2470
1217
1301
2121
1529
372
1350
889
769
2510
676
254
1304
2096
2261
1613
2253
1322
698
174
2549
1519
466
945
1044
1919
302
569
2465
716
968
1269
781
330
356
289
1840
1655
1550
1950
952
1833
925
1770
1934
1801
2491
1915
686
39
401
1589
2509
1752
2122
2497
59
508
2246
337
1701
2334
126
2547
1183
1261
1179
1800
1491
207
1623
2265
1294
1168
2400
715
1528
1492
930
1118
791
1161
487
677
933
194
1912
400
92
252
1133
327
403
1487
1796
1245
883
369
2286
501
2266
1917
521
341
885
40
23
1760
1850
975
2344
982
1510
1432
523
2355
2054
1849
2332
870
511
1768
2290
2455
2531
1365
49
2318
128
3
1071
53
2230
333
1349
732
703
1391
394
2248
977
1287
2289
457
1559
1148
34
2029
1583
13
1346
2569
98
766
1834
1364
516
2598
1943
1129
800
478
881
2065
74
313
877
217
1923
2443
1206
955
2463
1255
57
1779
2291
1417
2140
2171
1841
297
2432
191
94
1704
2358
1794
890
2456
1551
17
599
249
1545
104
1036
609
2507
1784
451
1634
1275
2139
127
1910
307
435
2361
1843
1555
433
2072
1715
27
336
2445
770
1815
842
995
1340
8
2538
2335
944
1972
1091
858
1804
383
1462
2149
1653
1494
1602
304
1842
806
783
2153
976
538
2038
1632
1277
834
63
745
845
2086
276
668
1012
1291
1498
1872
502
1359
2190
22
819
656
1885
1693
87
584
2472
966
1123
1873
2199
594
1651
241
472
2590
544
549
837
1949
2177
2505
332
1748
495
672
1721
646
1402
863
1864
2424
2475
101
593
1654
532
1172
1903
914
1205
1773
1230
2420
993
1354
1254
360
1055
1640
1857
520
1668
499
2017
145
1792
2380
1201
1627
69
2454
133
931
2514
764
1563
113
284
212
2211
99
787
1856
2576
1732
206
613
1237
950
2577
1832
51
1925
263
2391
2393
2062
1270
588
705
190
1117
1754
109
629
273
2433
2451
1102
2103
398
124
281
454
28
2413
2141
1612
1333
1398
1484
1469
314
2363
728
948
2407
311
2166
2536
1690
2504
2352
913
