2421
1348
662
1920
1990
1413
123
1562
1383
2288
1723
2114
1060
80
240
817
656
2082
324
2510
1426
1586
67
691
2001
2163
1824
2355
1829
617
803
409
428
1646
2508
1532
720
1161
2550
1859
1302
2051
139
483
712
1577
1979
1956
100
1152
204
2037
366
2034
2154
261
172
340
1384
677
789
1736
551
948
1595
2546
1241
215
1666
303
1169
1633
3
2246
336
1895
424
880
2445
1647
753
2151
736
1159
661
1975
689
2319
527
754
2404
739
1642
1299
99
1429
170
1731
1581
85
342
2331
939
514
646
2092
2414
1050
600
1091
570
1194
2201
1869
73
1347
2139
615
1944
794
2583
2418
1571
1417
966
1266
1336
239
507
194
781
1353
2410
2320
886
471
179
987
1434
379
23
1817
2307
250
290
1179
2314
769
171
832
1872
374
2527
2101
2215
2167
417
672
1761
1261
11
2472
630
935
1625
918
2481
1438
2080
2596
1337
2465
104
202
2401
34
310
1342
367
1210
669
499
2204
1938
2417
381
1103
576
1285
1423
2501
1894
734
1477
1834
765
1880
766
1176
1270
1006
1492
2340
2033
1076
5
2458
1755
1729
1782
1673
2356
1138
667
2112
128
2496
1042
293
2006
1058
758
930
1848
511
872
2400
2584
1651
1281
1317
486
1852
1174
2157
2396
164
1563
2145
2144
17
602
147
225
1055
1450
2240
451
295
932
60
577
2237
515
663
896
572
2056
2392
1368
2345
2135
873
1790
1837
186
1106
1516
2531
536
1873
2438
253
1099
553
1593
30
1157
1079
1620
651
1483
1078
1497
893
2306
1751
1123
1600
1909
2194
473
2597
1937
1296
217
2040
2533
2063
1101
2513
380
157
237
1188
2385
211
2003
1690
644
747
105
687
1411
189
1316
1585
1972
46
1756
905
1906
1608
1867
72
833
102
294
2406
76
220
1875
2189
1029
233
1465
856
999
2004
2493
1148
869
469
733
2554
2107
998
2529
1024
2327
2304
1028
904
1496
2373
470
21
390
2153
596
1538
1387
1217
262
2109
434
1424
1708
1994
1082
2561
2206
2238
1612
1298
1452
1980
1341
960
1170
786
1184
2346
1412
1590
1440
1218
971
1632
401
1140
1576
852
2386
408
245
1881
562
2548
1547
1774
1558
610
2448
1416
2265
1354
2494
2333
2480
2486
251
2188
2341
81
1650
412
1961
1812
29
1737
746
2282
642
818
1864
230
1883
2128
388
1649
670
1914
1803
2297
1738
2310
1528
635
460
752
1721
1878
38
1495
1555
2064
696
1968
1054
2030
1530
2275
56
1662
1717
1043
795
2289
58
979
1816
1056
740
2374
1719
1362
462
1587
1246
2010
278
2261
780
1700
501
1797
1742
1475
265
98
1303
2589
564
1151
612
940
163
2387
2266
967
1977
396
1233
1902
125
2255
2267
531
836
387
42
638
2459
700
1544
1727
1187
308
1870
2432
1965
2284
356
223
2415
88
1675
2391
982
1332
2371
1307
838
1887
1671
2202
2084
902
24
1131
2083
1345
122
44
22
812
479
1419
1435
2536
489
1002
297
1393
2580
242
2175
343
534
1791
109
878
1989
1913
563
1757
1392
859
1750
1655
1349
2520
768
1466
2382
2336
83
1474
1846
1274
924
2217
155
442
699
520
2484
556
831
92
2140
1818
378
177
1926
112
2074
587
1077
763
113
2038
1953
2190
142
1724
1958
539
1641
502
1004
782
2233
427
2328
1693
1849
368
1014
1967
1901
377
1572
2429
792
2467
2541
1889
2210
683
175
1439
1318
405
352
1444
2321
2168
1180
2456
2286
2393
674
1344
154
566
456
270
973
1939
2132
1768
2302
1796
858
2378
1433
1030
958
1107
1707
2136
1656
954
2426
160
1100
2578
498
1779
1523
1018
1386
1743
598
1331
532
39
910
190
1839
1190
775
1234
604
2150
1015
2590
2149
558
1952
2338
1324
1127
1211
1432
247
2181
1636
1453
861
542
2020
117
2165
2582
255
433
68
1580
2088
1288
2180
706
697
1166
1998
2235
276
726
404
1871
545
793
614
1437
1320
666
1237
376
1126
2424
855
2252
1049
2073
771
1294
257
1879
2229
1598
1793
1629
445
1245
938
785
1898
475
996
807
679
1543
496
834
2123
608
1705
1229
1363
648
2353
1833
2368
1403
305
678
63
184
2570
1406
605
1985
541
1565
438
2308
702
875
2225
2262
2479
750
2105
2008
1308
2498
221
1486
341
1808
2534
2148
1282
2545
458
1588
334
1259
1011
2156
2248
796
1039
843
2436
362
943
1529
968
2514
1065
43
183
2200
1402
9
1802
82
2048
2443
2170
743
2515
1955
2000
1603
951
419
1854
1830
391
1615
1198
2260
2104
2270
821
1811
568
1713
1122
2129
909
1395
2482
774
1112
2002
32
1639
854
619
1799
492
2012
887
770
959
876
316
926
2453
1918
790
1663
2125
1081
2113
892
2389
723
1574
2366
193
867
1986
200
2060
830
476
315
119
1735
1459
1061
2559
1414
318
2311
16
1034
1506
393
2364
654
744
321
1482
2560
1976
335
1792
1149
2500
1472
286
1815
751
1638
1021
302
1254
2295
141
1463
637
20
1893
2558
2077
1012
1838
1356
6
271
819
897
530
827
52
254
2065
1734
2039
729
1954
899
2586
2428
205
1567
2079
1929
1133
1665
1982
1749
2256
1933
1072
1670
1905
2011
1031
8
1510
1570
607
808
2097
728
1286
936
1520
1051
326
1230
1677
660
582
963
2447
1628
1136
2158
1706
711
664
1827
1305
1209
778
93
133
717
2489
601
259
508
84
134
2562
1828
1617
1448
400
641
569
1847
2423
2339
1821
2243
2009
776
1684
2027
1659
1825
161
75
2214
1627
505
1607
2347
519
1479
260
229
2349
1132
1962
1083
212
1468
719
636
1037
1173
1069
289
1515
727
272
1621
1692
1831
586
1397
1542
1319
1781
1252
1144
228
1147
269
2218
1041
150
708
1421
2518
28
446
673
256
573
2535
2042
2283
191
2257
1177
1314
275
2475
1116
2213
1560
64
1382
1770
481
1514
1904
1095
849
114
1941
1085
244
1488
1243
846
1013
1733
983
1524
1874
398
957
1104
703
1930
2212
2019
1420
69
410
495
882
2016
772
2516
692
934
1745
2086
2444
1527
953
145
1597
1244
1075
2192
490
36
929
2593
509
518
347
698
1500
1978
2397
2055
40
2344
2316
2435
1640
826
2166
86
14
2555
1554
165
344
620
1942
2041
1695
645
2029
2434
571
1199
1919
422
1236
2591
2292
2173
1045
2380
1114
1247
1696
1925
949
1540
1518
2196
2530
57
2162
467
1265
1109
2227
1981
799
550
2126
1268
690
2588
118
1271
1038
1333
2141
1195
798
2309
1001
2419
2259
1504
2511
631
1258
810
466
588
1094
195
969
975
320
681
839
2035
2133
87
1442
304
2062
1899
616
1963
881
1255
49
129
1102
898
1283
2183
1741
2365
361
2485
1066
1481
1602
2186
2440
296
1379
1239
1020
1040
399
1888
300
592
764
1947
503
2512
1130
589
657
988
386
2095
500
1137
1896
1814
482
2094
1292
828
279
1399
1499
1391
1053
682
583
992
889
1678
2367
167
1720
741
277
1222
2574
274
2191
1591
312
1578
346
732
1611
327
2228
1208
811
1988
61
891
1312
1549
1505
510
311
915
2420
2326
1225
1533
1455
166
1669
1722
622
1804
2047
2199
2147
606
1882
299
59
837
1057
375
862
1284
407
1367
2360
1777
332
1428
1699
453
2239
2405
1960
132
2538
621
96
1220
559
2118
1794
281
2452
647
2412
174
1469
1047
756
2221
851
345
1273
721
933
2551
1691
1813
1264
1309
280
941
1219
1758
2232
1999
1868
1851
2026
468
2569
238
1119
2325
1340
421
19
2021
525
2269
2300
1931
2115
2359
1732
802
1652
2335
1507
1350
1092
464
1381
2553
2394
287
2005
248
309
1897
906
1553
2018
549
360
1842
2543
1227
2031
791
976
2272
625
1388
823
2164
1616
1251
2032
1928
201
1480
779
1478
208
2234
2565
1062
430
2013
2568
1375
1626
1232
1297
548
2103
459
1096
2343
1546
2071
1911
945
1269
1311
1517
2160
1128
1703
1139
78
760
1044
1193
2523
1321
777
2411
2263
1971
2509
1970
1680
1725
609
1969
879
1361
1360
2563
1807
429
1167
1279
1923
1398
1836
2395
1364
1456
1890
1431
2045
2499
2053
1823
413
1145
2179
783
543
1635
937
686
2377
985
15
1213
560
1949
2572
1630
1185
512
1840
2442
369
2226
1787
1192
2253
2407
701
1409
477
1624
1550
597
1351
730
2539
809
2362
2281
2556
472
1604
1074
2169
1772
1822
788
1110
2455
395
397
1541
2504
2122
653
1293
2054
1932
2187
1643
813
2242
2268
1369
1476
1819
529
1163
1436
991
2416
2468
1267
358
1443
491
307
120
2231
2581
1125
2451
282
523
2090
1907
65
870
1418
2595
1155
1315
1951
2483
2476
2408
1891
575
2251
1660
2490
2299
871
2354
2526
1088
841
2549
394
2081
1380
1844
2072
2376
1987
2441
888
715
455
1809
2522
1667
2298
1569
552
1564
1945
908
2176
1016
860
2457
1334
371
101
1146
1551
77
1427
1289
1248
675
970
1295
494
2460
2357
2277
383
1010
718
323
611
1374
922
1861
1916
944
847
222
1325
2099
207
1654
33
713
107
986
2177
236
1948
137
2276
1683
2430
1800
2532
1396
2290
2305
1008
1487
722
2254
2273
31
805
2294
2085
2
1631
1407
1135
2547
903
1000
2446
1924
392
2209
2322
339
1943
762
1862
694
216
927
2052
680
2106
1877
1485
1168
158
292
900
1763
890
2370
2050
2066
1280
1178
1866
613
1744
197
1605
2293
1447
676
1841
1390
1601
1118
2216
226
626
565
234
2017
1619
319
1559
2174
1795
74
2557
2372
1422
695
974
71
372
1460
317
2471
173
517
2398
1903
952
1097
593
1224
1372
2469
2258
1200
787
1359
1776
603
1892
2146
920
1449
338
415
1454
1036
1513
2477
2517
144
2182
138
37
1052
1373
2015
70
1445
431
725
1009
1276
1205
1746
2198
1143
2585
103
449
1917
1766
267
1458
928
822
363
291
1473
825
990
457
547
724
916
2044
2049
1853
1645
66
1498
106
784
232
2036
1596
1329
1404
1111
1256
209
925
1535
1182
1599
1711
931
707
89
1710
411
322
1160
1263
1798
1206
1806
1196
2124
1003
478
1223
54
382
480
1457
1142
143
1153
1134
488
2427
188
2462
461
2159
130
981
1855
1158
243
2093
1461
538
2247
1927
406
1493
1328
2315
1108
1121
285
1685
1175
50
1769
2241
1235
2155
463
152
2043
2332
2337
2098
426
2450
1539
126
2402
2384
196
1835
745
1863
1272
2023
1519
1068
2249
2205
634
1201
1993
283
1253
1346
1704
1934
12
1583
1739
2087
665
2363
151
1171
447
131
580
1810
2473
1214
1165
1709
1783
146
1686
1007
252
127
1228
965
1240
994
537
2324
2195
848
1098
1304
567
2117
2070
516
2291
1494
2466
757
2069
1637
425
1358
420
176
1086
526
1964
1865
964
555
2422
1718
911
329
2352
2120
364
1512
1623
1326
749
1668
51
2575
866
1063
650
1357
1084
1886
1767
1017
2464
2399
1786
1778
1124
1950
1242
1957
2271
385
1992
2390
835
53
153
199
159
162
840
2172
1801
2318
1996
1698
1556
2296
1080
156
1343
1613
989
2067
1594
1093
1689
632
1857
1
187
1048
2185
1712
1489
1141
1946
1322
1277
901
4
2224
450
2301
182
814
91
977
2220
1215
1441
2383
140
1740
844
263
950
1394
801
978
348
1105
414
1446
1674
528
2598
1491
2203
264
35
2134
1162
2599
824
800
2264
288
1536
439
149
2433
815
1832
2142
185
942
268
94
1425
373
206
314
2137
1032
1845
735
643
1290
1973
513
853
436
2028
1661
2076
2280
2058
1306
2521
1310
1026
980
850
2278
1183
2379
1754
1408
767
1385
1805
1164
2507
1451
579
864
956
121
1464
522
506
2197
1501
748
1664
2369
115
1371
2116
2491
1212
705
1658
2502
443
1728
219
1260
1073
1150
1579
1067
578
402
2207
685
907
440
1610
1634
1702
124
7
997
1762
1113
1025
1064
1238
1257
742
13
416
1526
2566
574
1687
1548
1129
1186
1352
2025
640
1207
738
806
921
1525
716
1566
136
41
1789
955
652
1764
2571
1997
2143
354
474
1573
2138
2024
198
45
1278
829
759
1470
2127
1657
1071
714
389
266
1401
1249
2503
1784
845
224
484
1191
1885
2487
709
1300
1936
1027
1366
452
521
1216
914
923
629
883
1377
2303
737
2525
435
298
2439
1203
1275
1522
441
913
1922
454
1502
1330
1614
1511
384
1323
1912
2022
2587
1715
2478
485
2323
325
2592
2250
249
1701
95
1682
1410
306
27
2059
912
1467
2492
919
1313
2007
1531
497
524
2096
2375
2506
116
79
1019
1672
731
1858
214
1676
1773
2061
355
2068
504
2334
2474
820
2594
2111
1775
2161
1023
1653
863
590
595
313
947
1765
241
246
465
1090
2075
2488
1959
1983
2544
1204
961
1389
1181
1117
1884
2358
1856
62
2152
2567
2222
2211
895
1908
1120
623
148
432
1618
1584
2208
962
1172
1226
1415
533
353
1681
1430
