1904
1247
1652
2142
1884
249
2121
2420
1382
2236
1023
2138
1628
1159
574
2317
1504
1675
1537
952
538
1770
2396
2151
836
1964
864
2422
1351
2525
2348
669
2071
1073
1631
113
1560
348
2310
28
1889
735
1659
2575
1723
420
200
1857
359
2205
1248
2517
1470
1126
1058
2074
1462
410
1118
592
257
492
865
313
1405
2598
1094
1513
2175
819
2061
1793
33
1605
1029
2519
976
1911
2181
1399
459
1297
1147
288
2563
1989
1428
2374
962
1305
961
1030
2497
1841
906
4
1897
2541
2429
496
1638
2216
2478
1868
2256
968
1054
2540
1625
2034
349
1453
356
2335
308
2338
803
555
129
1775
1277
1457
1553
507
429
1420
198
1933
2384
1899
407
1583
1102
1519
1761
840
264
1386
2556
1141
2150
1390
1140
2155
1942
2140
1999
2546
1328
573
729
823
718
684
2544
1423
1198
2532
1783
2518
314
1983
116
542
870
2300
458
1421
1855
1483
2377
1064
2115
608
1669
2085
2265
1588
79
834
1097
1342
1475
957
344
1941
108
5
1981
847
1225
503
280
2564
969
1424
643
352
639
162
2229
2408
1977
2193
2337
179
1113
2398
1702
641
1066
2289
1033
654
1657
1377
2148
1403
1854
1348
1735
1581
1914
916
433
873
2118
1383
141
2246
2449
1307
2022
77
1799
636
1309
2238
2353
174
2287
1005
2390
1642
1743
2402
776
2445
2277
1993
1891
1236
2174
1354
193
1335
1750
2515
1497
285
2292
2326
1230
1577
2192
1797
1185
1180
708
674
941
800
2171
1877
1602
1929
1975
1844
428
1500
1637
1155
1751
2137
1995
717
1807
2132
2203
623
447
795
2459
1850
2538
2122
2058
1364
1590
1290
1767
1289
554
2006
449
793
1819
88
1627
1810
2069
1620
1116
1997
1574
2197
413
927
2100
1191
645
1567
325
169
1802
2090
2542
1661
2391
248
1678
2209
2327
1389
2444
944
457
824
591
2323
440
763
1161
455
473
799
1474
1626
451
1431
214
987
1011
1803
2042
1542
2423
989
1757
2446
275
1304
956
996
401
1687
1373
2361
820
1321
552
1890
299
1407
66
1186
1600
901
2369
811
1584
752
2073
68
1852
2260
848
123
566
560
1217
1788
745
58
2329
1265
779
1759
2032
863
2500
984
1812
887
2167
1815
2587
1406
1048
867
2372
761
948
2157
1892
562
98
1947
2253
1712
1745
185
2486
689
760
1456
2250
2067
2139
219
1388
2009
1347
2311
142
698
2522
2561
1081
662
149
678
884
1913
2328
1256
2220
1235
1314
261
1644
1830
2550
594
1372
905
1682
2347
853
2400
783
1095
1088
728
1886
183
2039
2231
2093
1042
1018
1467
1041
1546
1791
2188
860
1720
1885
208
263
400
293
1944
778
1505
501
1037
839
1875
1887
1169
339
2169
2593
206
727
502
881
2471
796
310
2473
578
466
1521
2092
1056
331
939
2331
2286
2439
252
381
1517
2176
29
1653
544
758
1245
897
1392
57
328
687
1921
1951
1615
2110
1121
1961
1273
1662
1575
203
1224
2172
1083
1932
1410
424
258
1346
1294
1264
937
2158
1693
1092
2162
1651
181
199
1034
1821
2460
16
1870
750
1251
336
1156
1426
145
2425
1044
668
1246
484
1814
980
1525
2368
2190
2530
694
1213
899
2371
1409
1117
148
1939
600
1122
2257
648
1831
1818
529
365
2288
354
21
448
453
1123
2096
12
402
1495
597
2021
2431
1582
372
744
1650
1070
24
1938
1380
192
62
1948
104
2340
1954
1786
126
244
1960
682
516
147
1393
517
965
319
1480
2104
287
809
1655
2571
159
1772
2156
2066
1508
556
1379
640
1820
222
165
1540
644
394
1413
1621
1326
1062
582
2362
1220
1835
951
1022
2075
571
411
2443
1893
2043
1894
858
792
243
37
276
1375
724
1009
2211
2359
161
1980
322
11
1550
589
1021
988
934
450
1232
2366
2262
286
2108
2504
579
19
1134
2496
2442
2383
63
1414
1262
1881
494
1422
2469
1494
2207
2320
871
1039
1162
2091
2516
1084
2049
2146
2029
1254
1549
324
1487
86
0
1287
1243
90
2334
1510
94
1974
609
157
2589
391
2401
943
91
20
933
2447
2263
301
935
1160
2409
178
2552
238
1918
230
1579
2252
1038
2590
1713
665
1545
1026
1432
1804
1124
164
1165
1705
388
638
1724
1585
1771
2024
1919
692
2596
1252
250
1749
1700
329
1554
1826
1559
393
610
270
515
2017
551
2458
601
1367
209
2523
931
2453
205
73
1296
106
1233
703
2553
71
886
2394
2295
1773
1716
2452
1937
642
103
1448
1777
2056
2502
1719
2529
1387
1427
2489
1654
2079
2436
659
2098
1879
889
1079
44
2237
196
2065
1050
102
2083
226
1045
218
2152
1524
771
1640
1535
1982
994
136
618
1139
1681
133
1596
1174
827
96
981
1242
462
1915
2537
1544
274
1444
2212
2284
82
1511
491
1660
1833
1851
1873
150
190
1859
1753
656
606
2462
804
1534
895
587
100
1370
2063
2548
366
593
486
683
2239
2339
2054
1832
767
998
2565
757
1580
1548
599
360
1435
2487
358
2278
2112
651
109
284
2465
1966
2505
1344
557
1385
1284
1506
1184
1234
2349
191
2524
850
1286
1927
2016
1016
2475
1194
197
2304
1883
1019
256
2194
550
1784
2581
2273
119
1060
246
808
1940
2360
374
1986
13
471
1031
1051
759
2395
1271
343
646
1004
851
697
2126
2309
1170
1965
215
891
273
45
691
2221
1228
652
1728
2000
99
756
80
2041
335
1096
1285
1785
40
2365
1125
958
2332
2508
1595
2440
1878
919
1339
531
1532
1258
1436
1356
575
2184
306
1488
712
2064
920
2097
1132
1078
1206
2441
2448
2521
553
2002
1561
992
974
2213
229
17
1315
1606
188
1074
978
1381
685
315
789
2467
1703
841
2111
269
417
1210
2094
2543
316
1847
1646
1419
1086
807
2272
330
1454
2258
32
2105
350
1552
369
1924
1412
1355
663
1203
1010
221
1501
2417
1310
2003
2343
1471
932
2512
155
740
355
1187
1663
2357
2023
2407
1616
361
772
900
1119
854
1300
431
874
2195
894
2477
749
1416
83
128
1177
885
134
510
1282
1990
2597
404
522
1394
247
111
478
2424
2251
2046
1257
1515
2242
1916
2354
1825
1343
1098
1293
281
202
748
1440
2196
910
1715
304
1306
1571
1976
2010
114
1722
1178
371
353
2578
107
1272
120
866
782
364
1533
1853
872
898
1025
625
23
704
189
1216
1522
628
791
2493
700
964
444
2025
1001
1325
2316
770
805
2461
55
115
1512
1796
1734
1769
2528
1630
1963
1800
475
1179
2378
921
1317
1395
187
1528
1787
1463
1744
1564
2120
2107
1152
2143
2200
1563
2206
2507
1714
2037
236
1484
1514
311
1345
2033
39
1558
607
846
2426
468
2415
85
2305
563
418
1209
818
1684
950
1129
511
1260
437
518
217
1020
993
2218
2346
2068
1967
1137
775
2180
2228
2106
534
821
1603
723
2116
334
1623
326
175
1732
2476
743
971
1046
946
1357
1668
271
1984
616
2019
955
194
909
2503
1006
903
2386
633
368
1902
213
64
1962
1888
2226
619
1959
216
1477
830
2124
479
1055
1192
1925
1341
658
97
84
1447
460
1764
947
1135
267
2103
1429
2363
679
862
817
769
742
1880
2495
2222
1710
234
1518
425
1291
1299
1
2223
1973
649
2217
2131
210
671
977
2241
438
1278
1987
2381
140
2088
880
2270
2015
1353
1008
2314
942
624
519
1120
2572
385
2204
1978
1876
1673
1443
469
1301
1244
1330
930
997
843
1226
611
2351
1404
2388
2559
2031
493
1956
2187
1822
1865
396
2027
1752
2358
1739
2307
2018
2345
1441
1586
1398
613
290
533
1689
990
312
406
676
1699
2501
617
239
1352
650
1809
922
1718
1768
1666
730
1922
2437
345
1313
2235
2387
852
1166
2301
614
92
1333
2468
27
913
1076
794
960
392
1200
268
342
2285
2511
2170
1340
1776
702
1943
1988
2168
2
893
695
1686
1205
2482
1498
1869
1691
2076
883
443
2153
2154
1846
1359
1007
878
430
1195
1312
2355
495
1437
1202
2410
1612
1991
1499
1015
1302
1268
1222
837
1741
54
2210
2573
2574
1496
211
294
2555
632
577
2599
1910
2245
787
1080
212
233
2086
1683
152
2044
1738
378
2045
784
2141
983
1629
785
524
714
1133
1992
1067
2007
500
363
69
857
1634
1755
292
2165
561
2584
93
2081
661
51
1061
2567
859
1417
279
567
1971
657
1438
1276
2159
1363
1211
637
446
1613
389
101
861
1740
1952
914
938
2303
1280
8
6
1063
2036
2089
482
1103
224
959
1523
2336
1227
436
2243
1491
2595
1043
1358
2232
2403
602
1729
2275
463
2011
2062
928
2101
768
1308
1946
2057
548
1223
970
844
2330
1624
1824
2183
995
832
2095
1573
868
1823
464
2322
1633
725
2389
1685
940
395
231
323
1656
660
1676
2325
1143
1035
1798
1736
2428
409
1303
132
1726
1936
1059
1694
773
2583
2545
1543
2470
1057
1153
201
1154
22
1476
2271
631
2163
416
1266
696
1492
2418
2040
298
139
1520
338
260
36
719
1698
568
253
2506
376
2569
1908
2230
605
2080
655
1882
570
302
1075
721
232
1697
1671
362
95
1565
1795
125
1541
733
953
481
2585
426
272
710
461
2591
833
1529
2199
2399
1368
709
1182
2179
801
1193
813
130
2078
2479
160
1365
490
1842
89
1526
1635
72
351
186
1027
1218
1748
2128
399
2455
2161
2035
1049
1460
1100
2534
2551
2127
1679
2255
2208
421
1805
1401
2454
963
741
1163
1834
2412
1557
467
487
690
1249
435
1972
255
2117
829
788
1958
672
1461
2198
1837
1706
456
1130
1433
25
1012
1598
1611
2514
1128
2535
1105
972
398
838
797
1926
15
182
1172
966
76
2249
1361
1458
1664
1334
755
65
177
1747
2456
1439
2147
26
1003
525
532
1253
1996
1145
2318
321
1931
1450
664
2299
2405
2282
1733
408
1221
1742
332
1204
523
1957
1917
598
2182
2051
1106
386
2344
1608
1459
2490
1415
1905
2560
228
1028
626
498
1923
1576
902
1331
701
1069
370
1721
240
317
653
2177
1237
1909
1238
1928
2234
949
1717
135
2189
2166
2060
1848
1148
138
1318
251
1101
121
1090
1324
1053
61
2084
580
912
1849
367
1489
1281
1578
634
815
259
70
911
835
1384
1485
110
2494
1901
622
2247
1241
1089
929
1338
2268
1708
1953
936
1112
1829
814
612
2464
1250
1547
1108
2261
736
2385
2375
954
1107
2185
283
1136
705
1197
1998
1907
1792
1794
434
754
46
1774
1731
383
2568
2430
235
1593
2315
2028
432
739
143
81
2319
892
1840
596
1968
904
2485
2370
1725
2427
3
1766
1665
967
242
7
2144
2367
2055
403
333
50
2164
2225
1828
1701
2413
504
558
726
2038
2302
1151
9
2030
1707
545
2481
31
1614
1071
1478
1866
716
1896
377
1214
1396
1231
419
1817
2048
1758
318
2201
1538
1672
1790
1362
127
1572
1587
427
2070
2432
2380
480
2290
546
1298
262
2020
485
513
1912
666
2145
171
1176
1539
1077
1482
1906
737
686
52
1900
2267
693
2450
18
806
2457
67
722
1188
48
2306
667
1085
1827
781
1727
1864
1418
2133
541
711
715
520
514
630
254
1131
1979
680
882
2513
2281
1994
1970
1240
766
1150
2130
1171
907
1110
2566
2244
2451
588
790
2474
1144
1329
2579
869
1052
1292
75
2463
1530
1531
1466
1622
2026
173
945
1756
842
2498
2333
1115
122
1592
225
266
1856
1279
845
572
1378
154
476
1690
278
526
1337
1087
2264
382
1099
2414
2419
2539
2356
918
207
1212
2510
297
1490
527
1591
442
1138
2558
536
2123
2520
1860
1836
2248
2008
1472
47
1778
397
1507
2438
2342
1618
1269
1594
986
423
1898
1434
1806
237
2119
2435
1104
1782
802
2050
1350
1449
1737
603
2533
1516
1469
34
2219
1468
564
1229
74
855
309
2350
282
2531
2499
547
1945
1570
1158
1680
720
291
540
2488
1036
2570
1047
2274
2373
60
1599
753
1189
327
2052
2259
535
528
732
1551
908
581
1696
195
1263
172
124
380
924
1013
1283
1173
1562
1641
56
1430
1760
1349
1000
2233
78
2416
1239
415
49
982
1164
1779
738
2202
586
595
1811
812
1949
1763
1167
1930
220
1065
1692
915
2227
2013
105
774
305
439
713
454
2293
1024
2404
1082
1688
734
1674
2279
1486
176
489
2577
2113
1610
1643
1219
1604
357
2492
530
2576
1455
1093
1765
1935
985
1555
2294
2406
167
1445
2393
1111
1371
1288
2509
137
973
1648
2557
615
112
43
1858
300
585
1711
405
1295
158
2291
2376
1366
414
38
2379
877
2364
184
1040
2491
2059
731
508
156
1397
1781
810
1568
14
1319
543
2397
1969
223
2047
1609
1402
1872
441
2136
180
2341
2173
2382
1322
2082
1157
539
289
975
1068
2313
1464
41
1259
1985
1199
2280
1109
746
2466
1874
876
1391
506
53
1014
387
2582
307
1336
1863
1327
277
1255
497
340
1801
144
1955
