531
795
1103
982
2085
1518
1457
74
1360
2117
2575
1464
1350
835
1749
1184
2542
1717
1831
277
950
1453
2473
328
956
1152
1656
1128
462
106
59
1149
162
319
2404
115
2565
879
2331
1793
725
1692
103
881
2550
1919
41
2526
2256
1279
1507
2038
1591
105
1374
2063
1115
1064
1010
830
362
2183
1753
2228
900
1110
455
1256
1924
1229
320
1618
1646
2444
1402
675
1274
650
2576
980
855
1166
206
895
1497
481
850
1
441
640
1053
647
716
1263
2175
522
2501
1581
528
2407
2222
1392
1318
1320
598
2287
96
237
71
2349
715
1501
1259
1503
1444
1716
82
377
2227
2580
595
118
610
1485
909
1365
1697
438
2062
847
927
1691
129
493
1812
1791
1361
2324
723
676
2207
719
841
185
616
1065
2537
1854
518
1965
25
872
2199
515
295
1477
370
1414
1038
1722
122
657
1794
1280
2393
262
2279
193
40
1940
2369
201
1944
546
363
972
68
1627
801
1151
664
1484
2398
689
621
83
401
1999
796
2153
1962
919
403
2286
2123
873
1214
1933
1140
799
1895
427
1643
1301
2182
667
1141
2174
1123
1342
414
1676
2173
1552
208
1159
368
1189
614
825
1657
2171
1499
2337
1883
2012
828
302
196
2579
461
464
287
1783
1587
2120
2313
483
1598
840
810
1157
1936
245
1865
1719
1909
272
2440
391
2442
948
2133
3
988
819
917
2229
255
158
1368
1648
1650
382
2389
2158
665
1652
957
1734
2209
1296
1764
1460
1536
459
1644
1995
1757
107
260
1114
2500
2238
2321
815
984
1083
2094
2595
1048
912
1125
478
607
358
1494
1511
793
2508
76
47
1194
698
2328
465
121
641
708
1341
1983
759
123
2203
119
1132
1982
1199
2110
700
487
1808
1198
2055
1991
523
962
1249
1300
1533
1668
1633
205
1109
1930
967
321
1876
1662
1046
1976
1681
1250
1655
1704
32
1436
1788
1355
2582
1905
5
1607
1767
1542
1727
2516
512
15
1885
1134
936
1017
2466
1896
2484
104
2453
2310
1247
1589
552
1234
330
2298
834
17
2280
1807
540
1026
1595
1776
1469
338
1530
1528
2341
2096
1531
1920
1762
1526
250
279
331
981
2304
2549
510
24
297
2176
745
1489
1897
2164
1957
1286
1075
1031
862
918
1084
2553
2263
573
624
1997
1135
1438
1270
1882
1329
419
1463
2431
2244
43
374
1389
2482
844
737
1043
833
482
2030
1344
754
1186
294
1492
1593
229
409
29
2051
2070
734
285
437
679
1874
1197
2264
2201
2554
1105
1170
782
477
1509
2405
2252
2113
882
791
2319
514
2195
1832
884
2593
2226
1282
2430
548
2434
1018
2220
1699
2289
164
369
1439
1378
2314
1718
511
1547
2312
786
2163
292
1557
98
1068
1356
1603
2307
1560
1331
1037
2420
1265
2145
731
687
1670
1008
996
2325
1981
1989
2354
1035
1164
2045
1708
471
1328
1857
70
91
2235
293
1491
254
608
1953
1881
1954
1579
2596
2598
1778
1829
1738
399
2052
333
2532
1252
813
1203
744
1364
764
1878
1822
154
65
971
926
248
987
2285
1154
1160
383
594
1713
75
2237
20
1715
758
223
139
1145
945
467
1319
885
378
1126
846
1005
280
1099
2294
147
1582
2181
1254
224
600
701
2303
1032
2029
574
2346
1325
2178
313
2540
309
1335
928
818
274
2071
1951
2261
925
1630
1358
1142
1232
1571
2032
1927
1914
433
16
389
238
1155
1605
2397
654
2361
691
969
1461
1629
2003
914
1977
2433
110
1476
2483
1877
1243
789
8
1752
2039
1654
1257
1971
2552
218
2124
1262
1336
636
1014
1471
1451
852
639
585
1638
1534
1171
2000
1964
440
951
85
836
422
1326
1049
1759
584
2221
191
1124
632
2147
1352
2224
2024
77
941
1505
1107
1796
1415
1127
2548
1091
1236
1226
2034
2064
845
2372
2490
658
1861
212
2457
566
921
1619
699
653
1748
1562
1238
1875
2002
1899
2296
1231
1078
332
1255
1839
227
1410
2159
1409
977
2533
2156
1849
2148
618
456
1931
516
1639
2050
1070
2535
1168
968
176
2478
335
1889
424
1813
1726
2288
89
1798
425
266
1550
535
526
45
63
341
160
1570
1222
413
1988
2028
931
1407
790
1799
2479
13
1388
993
2090
1649
473
2448
2358
0
371
1519
1602
1437
536
2561
342
1856
2339
1541
432
638
1284
659
827
837
2020
1572
670
141
1946
1626
1660
480
787
682
1893
1907
1949
2098
2161
356
1405
1817
792
615
1196
2323
1682
2132
2450
31
21
353
1000
1904
749
1890
80
2455
81
660
1891
1917
2317
1050
2567
529
974
203
1844
706
1269
2054
2419
423
1215
1538
2005
1348
458
820
1209
1898
1642
2499
839
1848
2592
2477
2068
323
2410
219
1458
1651
2077
296
778
57
412
1584
1261
599
958
1540
1621
2425
1508
1824
601
1516
1947
194
1113
1093
1297
2277
498
2150
1577
1732
417
871
990
2035
426
2566
1863
1730
1830
651
322
1210
1202
1304
1700
1047
1121
1741
314
1972
207
211
1938
448
2539
1480
893
1998
655
577
2330
1594
1841
856
868
1431
2069
2217
2291
628
1080
357
1478
109
1351
307
281
2529
2233
2408
242
2459
775
1036
1137
517
2512
753
1992
718
175
159
2023
1316
463
1273
1446
922
2205
763
2144
1298
1009
1872
267
1795
84
430
2067
73
1073
1959
2368
2276
1462
2169
1672
336
1908
1455
564
2590
376
1173
271
265
1834
739
2200
1071
1913
572
576
1816
1687
2258
226
1228
1996
230
116
1517
1246
1347
1278
817
520
179
1321
2449
826
138
27
1585
2451
2524
963
666
288
2464
2357
450
435
2266
1276
2468
767
1200
61
2230
2399
1169
1488
94
897
1967
460
1711
503
168
642
1578
934
2429
579
1608
570
2104
1429
1034
2480
560
2379
1787
994
1401
2212
2577
1472
1177
2437
2234
1193
1515
324
244
1984
1076
824
195
507
1384
1782
1797
1894
808
2187
177
613
562
770
2154
2470
1932
1003
711
992
596
1809
1833
1632
2142
1020
23
1323
1293
1586
771
1504
87
37
939
2080
2259
1223
2380
2517
740
2088
2166
1916
1768
184
2355
1487
724
747
2001
1267
2121
1178
2527
225
1820
1742
2384
2400
1002
784
120
1411
1207
901
1845
1167
407
807
565
173
591
204
853
1724
663
554
2309
756
2139
170
1424
581
2255
1174
1295
2137
2011
384
150
1600
578
46
2522
11
1133
501
627
697
1814
2130
447
1747
2249
2116
567
1910
468
2454
2465
634
674
802
2041
1015
1624
1090
1148
619
2271
1287
1565
671
2306
876
2569
1679
1735
1181
1800
143
1731
402
916
1432
1580
231
1928
1858
1467
2467
1420
1012
569
906
439
1772
1349
60
166
2202
1756
1028
811
1385
2232
2197
2194
2557
1425
446
1576
1019
537
568
214
1884
1963
125
169
1097
502
788
1102
949
1153
1359
2426
157
1958
2131
387
497
140
359
2486
1781
1985
152
1206
2599
1568
49
2396
1614
794
1804
131
221
2108
350
312
768
1442
612
1684
78
1823
2111
2502
848
1007
2445
892
1217
2366
644
646
661
583
1746
1559
858
113
748
1973
2082
712
888
1852
2359
620
2206
492
1430
301
669
410
1337
52
1242
1023
609
545
1803
397
1846
2106
273
1147
1334
2488
2290
1277
2528
2128
2152
1902
1187
2185
130
2415
1396
2126
340
2
1096
2463
910
344
2136
2057
361
2048
146
2335
1205
2204
2040
282
2417
1376
1987
187
1427
2387
1966
506
1332
2065
198
236
2251
39
1315
2076
2257
1498
1393
1710
1143
2544
823
2573
209
1098
2406
2122
1653
1645
2009
2192
611
2460
1549
1706
1371
1272
1448
1260
486
58
355
519
713
625
1452
1950
1156
1661
28
234
2511
400
1165
1659
1404
334
867
1785
12
829
2083
1421
2594
902
2489
643
2091
2584
2236
1185
476
1379
1354
210
894
1636
283
1826
1615
2243
1313
1529
36
1647
99
92
1314
1245
137
592
1512
38
806
1680
431
416
1879
1521
735
622
2248
1685
2572
379
1888
898
1266
728
891
1836
1763
180
1435
530
2061
1810
1903
1440
527
2196
2036
1590
935
2555
2438
1066
1604
69
2167
1802
525
938
2247
533
318
2333
4
896
542
2101
253
1483
989
809
2225
54
2146
751
2589
1669
1345
1481
2428
857
1418
95
479
1380
2583
1745
2315
1150
1426
2588
1961
2556
1268
2391
760
860
1324
1108
2563
1725
1025
2520
2523
973
1601
1658
178
306
1285
1060
239
1955
1729
1777
538
349
1283
1532
555
474
964
256
1974
2218
1620
1419
1292
2388
2115
2021
1886
603
299
2494
2514
2214
220
2351
55
1828
2135
149
1609
695
135
2394
1773
604
1175
2574
2060
2093
1860
2262
2022
290
626
878
1811
2481
1790
1686
1688
1696
222
197
1044
1183
899
875
986
1016
134
2371
1901
1251
360
733
2282
7
79
2015
1703
232
1022
2390
2241
1027
1867
1546
1051
269
484
264
48
1221
1739
1029
673
2322
2072
1211
2525
228
913
390
721
337
348
1001
975
575
907
1482
1373
887
541
593
2267
557
1693
1942
2100
1416
2188
2559
534
2008
1188
126
1599
1555
1980
466
2443
933
418
1390
2047
1939
1082
2506
1765
1162
631
1081
1510
1723
2441
2292
781
2086
1556
1473
44
475
2509
1937
192
411
1395
1289
532
677
366
235
1786
1666
1779
920
1092
1566
688
325
1842
1683
1353
1161
2507
2491
757
705
1690
905
1117
1116
1712
2112
1943
2006
586
1052
2370
2487
1837
730
1024
729
2301
1366
144
1394
1122
2179
1774
469
2329
251
2422
199
1004
167
1346
1039
2099
2585
1990
421
1535
2274
2246
1617
1523
2273
558
866
216
1537
709
2362
2413
375
1613
1212
372
304
1382
1220
561
2541
2374
1056
1868
617
35
499
2395
991
1182
381
714
549
2293
2016
1993
327
766
1450
1968
2492
1821
1131
777
124
1527
773
165
1281
685
1634
1180
326
952
2089
51
2586
22
2215
1294
1506
1678
2383
678
1449
1118
1042
404
2105
1522
1311
2386
1769
2316
2348
2168
1500
623
1616
1139
1539
1074
1689
1628
1714
1970
233
1400
785
1789
2134
1240
1934
2332
859
1218
930
2497
1387
2097
1513
774
495
351
690
2299
215
1486
2498
812
602
1911
2364
2253
1302
247
1239
1707
2534
1558
2157
66
2560
153
56
2014
1413
258
2412
2007
1728
428
1146
1564
2546
2084
364
1144
278
1631
1045
305
408
1041
2095
2193
1801
780
2210
1067
2375
761
1915
704
213
1230
803
1818
524
1227
1338
960
2376
2510
2446
944
1061
2424
2382
1369
1612
851
2343
2118
1597
2211
1677
1553
2042
496
1112
385
485
979
2087
1465
114
2344
1264
2191
2558
352
1606
284
1495
101
1330
1663
551
1770
2536
2518
1635
2254
696
2143
2495
2198
62
345
1381
1306
1445
1244
241
1771
1375
2284
64
1827
1941
1743
2475
2326
2363
1561
1391
202
1588
2562
1104
2367
2436
108
831
1058
720
398
1077
2268
2435
861
2447
1322
1543
442
563
2350
1751
1948
347
2530
10
2421
339
1694
2338
2114
2458
886
645
1470
1258
889
2058
1835
2103
2342
662
940
513
2170
814
1100
346
953
190
2353
50
2046
1912
580
2172
436
1563
890
1805
854
1399
543
136
2538
1417
145
2026
1208
2504
2543
2213
1853
1377
1111
783
2515
434
727
587
1592
1760
1887
2297
2033
1459
2141
2456
2568
544
1030
1303
2081
2345
865
1611
155
1754
298
156
1994
1921
649
1758
1055
1573
694
470
726
2472
315
1702
2265
2402
1085
1623
1979
1370
112
1086
308
491
923
2462
1622
1475
151
943
93
1667
291
1158
161
1569
985
249
1847
590
668
880
500
965
2439
488
2385
1695
1138
539
1057
2403
703
1493
2360
67
955
582
2019
797
1792
365
1275
1120
1474
798
252
1191
1201
2416
1433
148
1299
597
1640
1479
2409
805
1176
1288
995
1422
736
2564
2378
924
1502
406
1339
2149
1675
86
2547
1308
1490
983
656
1766
451
394
127
2381
2162
877
1383
1087
843
521
589
1705
1468
189
1406
1195
637
1290
42
1784
1873
217
1574
2401
2505
1130
1851
2474
259
2270
849
453
1520
1179
1780
1372
1423
2208
1397
19
1880
772
1398
1709
2242
2216
693
286
2010
2334
2155
571
2239
652
1975
1136
2493
373
2281
1129
2278
1340
1922
816
90
2305
1673
1225
1925
111
490
1935
1775
261
742
1237
1900
6
449
2037
2160
1386
710
1362
2336
2581
1554
300
1665
2411
1545
741
174
2503
508
2373
2073
692
18
2018
1063
2423
2521
1434
750
2184
2300
1838
1095
1871
2180
1021
133
2138
1253
1291
1403
1447
186
405
779
870
100
762
182
1625
2365
2432
821
1583
1412
1069
33
2308
976
2377
2427
2245
1567
1840
1525
1216
489
684
970
1843
443
904
2053
556
832
1855
1088
2587
2219
1013
1671
2250
915
932
30
2591
1969
1333
415
243
457
686
2140
842
494
444
1978
392
2109
776
1496
1825
630
2231
