1022
836
2326
498
1779
1645
1916
946
1796
1402
5
944
71
2105
375
1540
1784
1785
995
2362
2267
121
608
2419
1901
765
694
2238
871
605
919
131
1823
2129
113
1905
2279
2385
2255
2447
2519
2185
1650
998
2442
977
2118
2339
1700
2130
1087
2567
1321
1990
1343
744
300
842
997
193
1309
831
1552
2021
161
1150
943
901
1248
1206
425
2058
1042
866
183
452
1436
156
1379
825
367
2173
1670
95
2396
756
261
54
1911
891
2559
2150
1444
1567
1809
1836
2564
1631
1115
2556
1870
1878
1830
709
2467
910
2520
1912
1640
1662
1765
1797
1701
730
937
2206
723
665
999
2232
963
1076
2223
1947
672
2368
1808
2590
2539
389
1012
649
861
2227
250
2288
1817
1447
815
226
659
1313
2089
409
1054
123
1691
1577
1333
1273
2104
1160
166
199
2171
377
428
1293
1128
888
2077
125
417
19
1406
1385
1133
640
2024
2277
2372
165
103
2406
1723
1839
599
1531
902
1441
1576
292
984
217
2345
1144
1657
1801
323
251
410
1731
424
683
2153
2448
1804
447
15
2515
2327
1184
879
877
2204
360
1812
2019
1425
1146
1773
2281
2470
1109
2482
2494
1191
263
1079
726
1561
1903
1460
41
1702
258
2475
1062
1319
281
1194
2421
2495
533
898
792
495
73
719
2524
320
1902
136
120
1118
2459
2430
1787
157
2462
1269
1887
1361
2501
10
882
1207
187
402
1480
1501
1789
1997
2270
469
735
102
948
666
1352
1888
1756
2414
536
1516
1981
2237
1134
1380
1153
1416
2589
543
176
2154
1909
1046
1365
1792
1168
520
430
2393
18
2516
595
1676
1622
1979
1498
1978
2011
2276
770
1211
1401
2471
1208
1764
233
1239
838
893
1693
1155
856
1547
1013
1448
1163
1398
1487
749
540
2291
1582
450
373
1486
2074
326
1578
235
2456
1280
362
903
1383
1289
2062
2268
284
1549
2229
145
472
886
315
975
1101
1274
949
1437
1411
1031
755
55
2148
185
623
482
2392
1560
1157
751
301
1065
987
1716
1952
960
37
774
2100
69
1151
2454
637
1225
1009
208
895
1882
2258
889
2411
2037
773
839
738
1020
1845
1791
269
1504
391
2544
2170
1192
1466
492
1476
583
2346
1998
115
1193
1505
1033
1880
2417
876
2381
445
775
470
2027
1821
1424
1171
1862
2134
1177
973
1320
1633
2540
2265
1858
1180
1940
1451
119
2205
1927
2076
2133
747
1496
1432
1859
2530
2484
1497
1112
805
1449
353
530
1148
466
1470
2116
1297
2444
1811
2450
2593
1838
1579
453
1103
2181
1856
416
184
1035
1776
989
242
106
311
1632
2558
444
2224
201
1711
1528
653
1499
149
1275
2029
1231
619
475
962
1634
2445
1260
2296
2468
1359
50
2412
1250
1770
39
92
503
222
1655
211
959
561
2073
265
1355
1758
1515
2282
1798
29
1985
810
1464
1474
844
1121
2018
2020
1339
214
1240
549
2157
692
407
1928
2354
435
302
2264
2168
2175
1082
2568
2120
764
190
2156
1608
2323
1147
2289
2576
1017
1610
1162
383
1055
207
767
288
462
1961
1473
359
626
2561
2460
489
260
2594
168
1710
1542
2315
2437
606
2543
1267
1249
641
2256
2435
31
1198
1592
1729
1458
2521
2443
1620
2413
2193
1247
2531
2352
2139
933
337
1366
1958
705
846
249
477
1354
837
1105
578
761
1301
366
1306
620
598
1726
1899
1588
134
2009
689
1907
1136
2183
1140
244
2144
2440
192
651
2259
1493
2064
278
652
609
96
1848
1616
556
1392
1873
2595
1630
1734
1183
957
824
1965
611
1953
1533
1694
1532
1410
690
2243
1075
872
138
1397
739
2026
159
1807
2545
717
1507
1083
853
484
1098
2513
420
2245
908
1617
1688
860
1524
1335
2112
1960
35
725
754
2188
179
2401
1116
2418
982
314
1627
1256
1766
2407
135
1875
2509
2500
1955
1047
575
693
1742
1328
1007
753
186
1039
357
1455
1235
491
89
990
1431
1130
253
1119
117
2287
2160
1603
676
2463
1849
2208
107
2533
2452
1707
1893
660
1174
1298
1399
171
164
2341
1708
2536
1363
684
1793
2379
429
2131
303
974
562
1375
500
1495
1241
1594
710
1326
271
381
655
1200
1667
518
796
32
787
1032
654
1255
1647
2400
22
1509
62
2550
2507
793
2050
2075
1751
1605
1096
2573
133
61
403
1822
699
1364
1768
2274
2166
816
1865
2572
2066
45
56
319
298
740
923
941
1596
639
1574
333
257
610
110
507
2172
2356
734
476
809
1440
2001
1131
847
2132
2360
287
991
1580
2505
2583
935
1172
1404
953
52
1345
1479
863
148
899
1537
1238
2174
1894
1678
1165
1073
544
2415
2557
2334
2347
559
1944
406
139
1074
732
423
1394
2230
1814
2457
1864
336
496
892
1084
197
1222
386
840
2217
814
1703
1187
2191
2244
2031
1510
2090
2423
1317
961
1263
1671
282
170
209
122
1467
2013
1607
517
1025
914
188
1403
1514
1563
1612
1422
2361
2302
2017
79
1169
2365
2033
1718
2584
1166
459
2056
1587
413
1347
167
1968
1656
746
1310
569
1223
2068
2349
521
1738
1626
1332
1538
1841
1689
1534
1010
2202
1884
930
2088
1433
546
817
60
1439
2496
1642
1800
1346
2184
1159
1519
658
2149
1530
2306
1182
426
687
1415
1917
509
1536
396
2546
2330
638
146
985
2087
1717
1227
680
169
1602
294
2059
1390
979
162
1214
155
931
1205
6
2386
160
2321
766
1621
557
2151
2491
1932
1028
695
2404
1463
411
443
1855
137
2107
2016
94
656
2122
1108
682
510
1548
340
1649
224
205
2370
1971
2597
571
1472
1966
464
64
124
2431
2146
1851
1490
1421
2284
1234
1215
718
317
590
1210
2110
516
1008
885
43
1412
116
1308
1311
2169
1852
1216
1175
2337
479
1573
585
1677
2167
1226
1489
1418
2091
628
830
1739
1312
1325
545
392
800
1969
2402
768
553
906
419
1747
1566
1938
1595
24
1778
321
358
1388
1252
1664
1491
2285
925
1338
951
1846
90
368
163
1625
696
1637
2257
47
2248
2251
2481
2055
932
513
2563
1581
1423
1066
576
347
1557
1753
2382
1654
848
1806
1999
1835
818
2065
2115
2478
463
2067
245
2408
727
1648
2235
1589
913
1834
108
2353
2127
802
2474
290
2210
2082
2489
58
68
2060
2008
1396
622
1615
2234
312
667
568
1593
939
1209
440
1915
1095
1068
2514
93
577
580
760
2547
2317
2109
938
2479
1896
1011
1362
1294
2231
813
835
448
555
2599
344
1583
940
2312
2
81
1861
2023
2119
66
85
772
1850
1987
2010
2032
1461
1876
1264
1871
1358
2280
1937
1660
228
1795
733
1443
1318
921
1503
2387
2565
1384
785
361
11
2106
2428
2578
1921
384
1316
2239
596
2490
2176
1539
1052
1080
1781
712
433
418
783
2434
2464
65
486
2159
1748
267
1059
798
189
152
1048
1930
458
1950
2125
645
758
1117
84
502
1948
2504
1769
674
1221
1170
1492
1982
2511
2252
2179
722
786
776
2395
2034
132
236
63
1004
1837
1088
1680
1485
1395
36
731
2371
526
986
2030
310
2048
2190
1323
264
1127
1867
644
711
394
2574
1897
1685
1085
277
1475
2333
741
248
2308
1564
648
2140
339
2266
273
2070
1679
827
894
1877
2042
335
670
1936
2373
1964
51
78
1067
1285
2253
1611
604
1913
2192
2012
2493
2182
2278
797
2486
669
1242
88
1690
2538
1107
1409
857
1730
1714
1775
2458
1229
934
587
2384
2569
387
1646
1113
1199
82
1986
1006
1481
49
1684
1342
759
1601
525
854
202
2399
594
1367
706
2517
907
646
468
592
1847
2297
1687
2369
675
1641
87
663
497
2461
1049
1324
2476
2305
912
2143
322
2240
1189
952
1281
1545
1202
1914
2152
151
28
2432
2358
262
2343
1996
327
1699
488
777
905
2523
1001
686
2242
1946
566
1713
1092
1721
1898
1138
745
1892
1400
954
1959
467
850
2003
2113
2054
2466
2128
2342
1732
1393
795
198
72
743
612
494
351
75
2163
890
1304
1427
2215
1236
2525
573
1056
2226
330
2331
1658
307
111
534
17
554
2045
2560
1644
274
668
506
1517
2137
237
1262
2300
2260
412
1368
434
1452
2510
2405
305
457
243
299
2292
868
681
1889
1683
2198
1974
591
527
48
2512
256
1945
369
499
1508
1696
2294
34
2363
1991
2236
487
887
2587
548
572
1500
2555
2221
519
483
1803
621
2262
1763
349
2480
1123
1305
1041
150
1752
2275
2551
1376
1737
2487
2355
404
1097
929
2398
4
2178
16
1993
1705
1244
1535
1258
427
1142
2529
33
993
1906
1197
624
1259
1518
1553
1378
677
141
2338
2390
218
1977
2446
2123
354
832
1091
2061
2295
823
1832
1111
1565
363
2378
1459
1609
473
867
2532
2111
2359
355
2103
1137
356
2303
130
2477
789
1340
2095
1000
1585
858
1863
614
852
2164
720
1037
1854
2314
1434
2441
2380
2552
505
1106
1827
1093
481
1139
820
1956
563
1652
724
1975
2233
1638
2469
1546
1743
1555
1058
748
1446
1135
1829
1072
1315
2427
1967
821
374
1334
485
1064
365
1420
2429
1874
1512
1639
194
1295
501
1629
1251
1288
1024
1357
1053
904
2410
2527
74
2114
570
988
2299
259
2124
2201
1805
1356
40
2147
2562
1426
1924
2367
1951
1484
762
2376
1270
318
1044
1777
2228
922
1154
304
1204
728
1279
1070
2397
2186
2503
1124
1456
1407
129
313
631
956
1668
2145
504
2307
1628
2335
2508
1720
289
1891
1970
642
2102
1051
493
678
25
994
2051
1341
1673
2465
702
618
1173
328
1442
1883
1600
2015
1771
2211
1733
390
881
880
2197
2506
1704
1513
1220
1980
1203
1933
332
2007
1973
1922
1760
784
2526
1736
849
1141
2499
865
1003
1962
1521
2049
372
884
1164
2165
1329
293
2549
715
822
1709
2534
1336
811
1860
524
204
1920
1120
1813
26
522
1992
1568
140
2581
2214
721
1430
1843
422
98
1780
1129
1794
2000
1866
625
1857
1483
105
2542
1303
1653
1697
2057
2566
897
2473
174
1300
283
547
541
53
1597
1651
370
1754
808
2426
523
272
1019
1598
851
1919
969
1570
713
2283
586
2420
2094
1735
539
1287
855
1245
2588
528
1462
537
564
1282
1030
2357
1145
972
2377
1257
1029
1143
399
1943
275
661
42
1471
1819
2586
77
1939
454
1828
2097
909
279
1543
231
532
9
928
400
126
707
603
662
1373
1284
1477
352
13
59
437
101
980
950
926
44
2316
1918
697
2389
382
1261
1788
490
1614
1853
182
538
210
691
2250
737
1290
2438
446
142
771
2485
1125
27
175
2136
1370
1016
826
309
2492
334
297
1972
1722
1233
1755
1021
2537
924
1558
345
859
2436
393
896
1774
2304
947
1591
2093
1810
1695
2261
30
2451
1681
1502
1201
2195
1089
1228
1327
862
514
1984
2592
1086
2298
1005
1551
918
1377
2416
964
1132
2053
1559
255
1727
2553
2063
118
632
2286
2219
1506
613
647
616
478
442
633
1188
1618
1949
2422
456
2194
2207
685
388
1213
1715
1429
1635
296
1712
1725
1584
1976
782
2072
508
873
2220
2246
441
981
2177
1904
1299
791
341
2155
1606
154
240
833
2038
153
227
627
936
230
1419
2598
742
1292
1413
2006
2571
225
2528
229
1277
1371
560
2409
1337
2161
2005
878
1995
1196
1219
1330
1872
2591
436
875
232
2391
679
1554
2043
1353
1669
1331
144
0
1122
1569
1482
1307
1185
2052
1268
1544
2273
1152
2241
2596
2078
1243
1706
1266
2585
2199
788
2319
455
2141
1744
829
480
1428
173
1391
252
104
714
471
1302
76
790
1349
2218
195
1529
46
191
438
1957
574
276
1386
215
100
983
2579
1149
216
1613
1405
992
700
2366
1414
701
2041
343
763
1963
1348
291
664
1759
200
2126
1081
20
2022
2522
1623
630
1156
1276
2336
128
2084
819
1942
1799
2502
408
1212
671
1761
593
1063
147
1110
1698
83
1254
2028
2249
1369
329
1190
1816
97
1100
2453
1724
2196
1224
1745
1176
1802
1562
1790
1374
1931
2222
1040
2290
1989
91
1682
109
1381
1525
1844
584
2332
1002
535
2293
636
515
1195
1643
350
1454
582
246
597
1271
254
1061
1322
1027
99
2498
2472
688
778
415
1886
729
558
1457
414
2340
2425
1469
629
2117
1237
511
736
757
1869
955
1665
1740
1265
1026
221
2350
1034
2328
531
2554
1746
2269
1935
1
966
1417
2225
1453
1895
57
308
7
1167
2025
806
401
1881
1926
804
704
2455
2035
2071
2318
1541
158
996
1571
114
266
1526
295
1372
942
2518
1057
2080
1815
2213
716
2272
1344
1488
970
752
2079
2325
2092
1840
1445
2247
834
439
1090
1767
958
1659
2162
2309
1094
2040
1511
432
978
2187
1350
799
1077
657
1071
2069
405
286
2301
247
2329
2375
306
883
1161
551
2180
1675
2098
324
1624
380
2439
1158
203
1590
2348
512
2216
1232
916
965
1036
316
650
615
843
2311
552
14
779
