1743
1587
606
1312
1190
1744
629
447
2053
691
1486
1290
2437
2144
2263
682
210
1347
1179
783
933
1361
850
1295
1265
707
639
1537
1458
2375
232
747
592
277
2000
1165
1862
156
2061
288
2032
1398
1645
713
602
1189
564
371
2495
1477
2286
1436
8
2201
1271
2436
352
1818
1405
2518
1111
944
2123
1978
1258
448
441
1772
1460
2397
987
1916
163
1476
696
1598
915
1860
1023
25
1080
1402
2239
529
1665
815
2295
1734
422
2014
1006
586
439
1140
563
1174
704
2071
85
1874
42
870
1358
574
1814
1777
2281
2163
1824
955
1506
2029
346
1591
1682
1098
986
689
2168
1861
764
1030
655
668
2507
1039
1942
1137
350
1133
2205
1999
73
1121
296
2033
1501
833
1715
2054
196
1329
1488
1576
1578
2382
2402
1470
1283
2025
1351
1356
2095
1239
94
1706
1956
80
309
1542
1314
1132
1812
970
1478
169
1177
1829
410
1601
1387
2325
1787
400
331
2278
801
399
198
1637
2217
1606
313
1551
983
2035
1221
516
123
1813
501
882
1428
2300
1879
831
646
1897
1255
978
2348
1125
2376
708
2308
1379
2096
2424
1582
2453
1096
969
1750
1292
2277
1021
257
3
976
659
162
2064
2196
1843
961
814
1270
605
1451
552
1077
2371
408
327
1604
937
202
641
531
1526
2595
2593
2195
927
2524
1471
973
1404
66
1886
2430
2273
489
1679
577
912
1115
827
2378
1401
594
270
1393
340
178
1267
2473
1213
2474
1289
569
1562
530
1301
185
650
972
49
2097
749
1385
354
1563
988
1806
789
934
2017
780
1617
603
1732
2049
1204
1718
225
1011
2304
1216
2043
1419
540
744
1640
320
877
1047
1079
2446
2368
1063
326
723
387
289
984
141
2365
165
282
2440
929
1926
2410
835
287
24
2147
1243
935
2599
2169
808
879
1767
1799
1944
353
2213
2433
1103
494
1525
2150
1336
2349
166
355
694
1249
1493
1082
2175
1941
1154
1489
2502
1653
520
1391
2497
2051
2404
242
271
1324
1531
906
1282
29
2359
2471
680
213
885
2534
2330
1740
636
2226
2498
1183
459
1892
751
2151
640
2303
917
740
476
1917
858
261
2501
859
953
883
502
1657
1153
1261
913
774
643
1024
1237
369
1674
1339
240
526
386
1256
2007
1972
617
830
918
2454
2114
702
902
1260
197
2251
69
9
688
1042
440
853
1822
958
280
2166
2164
1627
1754
116
1995
2431
2415
2039
948
644
2358
1788
1319
1308
2022
729
1810
1259
1129
998
2184
675
1194
1802
663
475
2106
1692
1127
1332
416
1257
401
2178
1880
424
1064
415
1303
1462
2293
576
645
936
88
619
1338
214
2270
778
2050
547
1808
1136
487
1187
1377
155
514
2581
1884
2063
1825
1711
2140
45
1043
1333
1615
981
2545
1138
1573
536
19
1426
1931
876
1413
1597
2156
957
1549
43
578
219
146
1032
1130
1357
262
1523
1628
456
177
1217
1390
318
135
761
1284
1895
1775
1276
735
16
150
1053
1866
1326
497
1623
2038
1479
791
2133
1512
1708
114
1554
1467
1105
1469
2026
2522
2219
583
2416
324
1678
2194
2222
904
1738
2316
1957
889
2060
1685
1878
1113
360
1516
1546
860
224
567
173
875
368
1369
1162
1688
1041
1424
444
1142
1817
2510
2585
2162
152
2121
1325
1618
1662
1937
938
1392
467
1071
190
78
124
493
195
1612
828
2225
1201
1721
1355
184
1859
378
449
359
518
2444
2167
1044
1676
435
1709
1126
1517
358
561
1033
1864
565
1536
2179
2339
2224
841
1894
1382
974
1144
256
1400
623
1541
1530
1570
186
2442
1318
1045
1455
130
1166
325
211
1771
1049
2100
1225
1710
2003
1018
710
2401
634
2291
1819
510
805
41
686
1334
488
1790
1264
179
2117
500
776
2523
2271
1694
1703
128
1705
182
379
2255
1760
2174
769
506
2200
1581
321
861
2392
351
2589
1487
787
2143
1547
11
794
215
1695
317
1888
295
2155
1086
756
535
856
2328
443
2080
372
2207
773
1386
81
2076
1579
1218
1636
1697
366
1286
745
38
1647
1117
2367
1448
2426
1016
1027
32
677
945
409
1816
12
2272
664
218
189
2553
604
341
1836
2103
1749
852
1083
880
1310
1545
1014
1193
509
1353
1560
2541
2499
1396
328
212
960
2517
908
2526
101
2188
771
2531
62
2452
281
1511
1756
718
985
2514
2391
204
1766
777
2571
2202
1337
1406
1633
454
200
1690
1761
816
274
1245
1964
2091
2242
2565
1980
1433
332
1298
1840
1979
2353
2104
102
2336
1924
2587
394
1414
2575
2101
133
738
700
1702
1280
601
2306
2432
2274
666
905
275
1475
463
342
1330
2516
2231
1770
632
284
2235
1841
337
1141
662
2532
532
1247
293
2450
2289
1571
1496
730
245
1784
1182
1498
1287
1826
1975
2146
61
1588
2435
52
1730
1602
1535
485
890
1683
2292
254
1421
1238
573
421
1769
338
2069
1020
1388
864
2154
1118
2597
2420
429
1820
2476
343
1515
1626
2535
122
2160
1669
1527
77
7
2407
836
621
2379
1726
1773
1184
1430
247
27
220
894
1719
2057
1592
1
1889
2228
1946
2408
425
2503
1122
375
1538
2183
541
1434
790
486
1848
1481
2084
1940
278
2568
799
2552
2347
2210
886
51
2093
1266
1717
1532
1832
1157
1635
697
1869
2105
28
557
60
671
1803
2243
112
2448
1352
511
676
1418
373
1590
1108
1608
1246
736
382
1540
1087
1935
1004
1057
1066
1505
1244
1651
1569
1278
2508
2467
1331
1704
2326
1240
234
716
1583
348
1363
1299
34
1206
523
2240
862
159
2268
1065
1939
566
1251
2323
1107
678
2462
1461
260
335
411
1176
2246
2171
1061
2405
2073
949
1728
737
290
956
402
376
462
2559
1088
2557
1146
1031
1181
187
1173
1097
851
703
1168
1584
1807
499
1420
2006
2491
1870
21
480
826
1969
1552
2384
393
2341
2138
1638
1444
2395
775
2197
715
1241
2588
1815
2419
1733
2131
2533
926
2320
1943
84
1982
1499
380
2284
2088
103
1567
2530
797
979
452
323
299
806
54
2137
1273
1609
2128
2538
1435
1759
2488
731
264
2542
1439
770
1923
2318
992
1903
490
684
734
221
2149
2129
1918
1622
587
726
1297
1191
807
681
110
2547
802
2570
2004
412
1085
1553
1294
1158
2118
2136
405
1224
450
1762
2269
2346
2230
2480
2319
2536
1253
205
1899
1985
168
1877
699
1056
1513
423
1763
1026
2314
466
1005
1568
2037
144
1701
20
1758
616
2372
903
2031
1868
1729
1081
2406
2112
1933
2344
227
1145
590
2338
687
2506
108
333
92
1148
1076
272
1838
962
2157
2548
1976
1607
2366
2546
1655
743
2512
1556
1089
1341
2340
2459
683
922
55
654
1849
1921
1955
1801
1372
1198
481
478
1929
1474
1232
980
1415
2492
823
1275
1497
1797
228
2193
2152
721
630
1155
2350
312
824
907
1913
1890
2180
2008
347
1953
1293
2011
2023
404
1503
1781
1725
1519
2396
2525
1910
2569
1447
767
2013
97
724
2439
1227
1837
2445
1268
2108
624
170
1792
1309
1905
2288
2409
2191
900
432
1055
2509
1691
2355
579
22
1285
109
2469
1123
1450
855
306
1922
334
1887
1907
1714
1007
1666
615
1345
2556
2241
1485
549
788
2460
993
2005
1281
2389
1945
1491
1095
1654
71
2148
2252
1090
1431
2215
2483
2187
2364
652
285
2264
1152
427
2232
1747
2580
2206
1858
1967
2400
1178
1911
1798
2266
1068
1366
560
1231
1214
2493
1673
192
2356
1028
36
298
1131
1381
1670
1029
273
554
1934
482
389
2077
581
2387
1660
2478
1304
760
2250
53
635
460
1100
513
2383
2142
2218
1209
589
1196
1898
1101
181
1013
820
283
1919
2275
67
2377
631
1739
1305
1277
562
2563
1226
2212
374
307
1687
1070
30
768
2388
1441
1389
1192
471
2247
653
1681
2092
1522
1437
1661
1989
1677
31
1996
2236
2554
1663
2484
1577
1543
553
1235
1520
1539
1383
251
2329
356
608
2312
106
300
2472
848
2374
1342
148
842
1328
147
2342
597
1350
1642
1735
2040
1805
344
1966
2385
1397
2256
844
236
2573
105
2362
253
2046
2583
2248
613
86
136
132
2245
750
822
1936
1800
1205
153
2550
47
1171
431
2576
2082
294
442
1463
2042
892
1072
2451
588
839
1446
1752
1928
1327
1163
301
2386
14
625
1360
1667
517
137
2428
825
2449
1250
171
2457
1317
2307
1236
2421
367
649
2066
610
846
82
1376
370
1170
2567
1796
865
420
2294
966
2577
1951
1252
1632
950
2490
647
474
2265
161
1335
1119
303
33
754
1901
59
2065
2111
2010
804
898
519
1789
388
2463
1207
259
1052
2586
68
1912
781
2485
1963
180
2182
243
1234
1998
1272
1906
1073
2578
719
896
143
593
1993
2515
1223
727
87
2520
1550
465
2477
2465
543
1367
1614
2343
209
230
437
1883
1427
93
1059
1930
498
2434
2233
1185
208
1038
1508
2309
2425
1017
2257
1548
504
392
13
2045
330
2551
1229
1794
446
329
2034
2398
457
2172
1279
525
458
1909
867
1188
2170
772
1094
1712
0
2566
453
188
1664
46
1466
920
932
1459
37
1616
2380
496
1948
857
1885
2176
1742
1492
1416
1263
1757
2229
417
923
1048
658
522
2086
1619
901
50
207
468
714
798
252
70
2048
709
2036
2429
233
1561
2044
268
919
1920
1483
1169
1891
2126
15
2481
1504
2189
1186
1952
1311
269
989
120
1202
104
1472
667
2456
512
2130
2324
2058
1456
1834
1394
1410
582
951
1507
1959
396
1977
2145
2209
121
2134
628
1599
2276
690
971
752
1482
1731
1932
1748
1970
131
302
1958
91
140
276
1611
1764
79
1680
1208
248
1203
1078
1343
746
1589
2211
1793
585
1658
2238
397
292
231
2259
176
2543
1500
762
545
2345
1844
1139
1480
2399
2102
115
1012
2351
4
226
63
725
319
1850
1222
952
1274
1036
1863
1544
2030
1736
2521
1700
1120
1473
1865
1197
2305
2081
2562
1724
2244
1219
2443
469
910
1454
1746
206
183
968
406
2590
2199
1737
381
1915
2394
812
672
1445
1408
975
126
1644
1054
2087
1106
2334
2327
1037
1062
533
2332
1495
470
310
365
884
887
1904
669
2373
2489
1110
1432
2021
2438
2122
2098
1084
2299
2301
1853
194
555
145
2361
1649
813
1010
1465
572
1313
2070
1378
57
2414
445
1671
2561
1631
2020
1354
1344
2159
2596
868
83
1876
1856
528
297
1983
2227
611
701
685
495
1112
2296
1046
1364
809
618
1116
542
2417
2363
419
1307
2447
849
149
930
23
241
2584
963
1639
1321
2403
100
2335
1566
1962
1984
491
1782
64
866
1765
2357
964
1707
507
1050
538
1778
1109
521
765
537
1914
599
954
2418
656
722
1630
748
203
2461
1288
863
1242
1586
2024
1842
1572
1873
172
1442
2001
2315
571
56
508
693
959
1320
803
1902
620
818
119
2282
584
217
398
1780
403
2221
2262
1306
544
2094
1994
580
2458
48
436
1175
2028
1621
1986
1368
2441
1518
2107
1961
263
793
160
472
925
1741
1134
1533
362
2594
1180
1003
44
430
874
2165
1686
1423
559
1652
705
1323
1875
2012
1425
250
1753
1199
720
157
1648
2427
2216
991
800
2055
1510
413
2313
2504
1248
1564
1092
2393
673
1449
1009
1407
1974
1839
570
674
1316
947
2287
1641
1452
238
1211
2258
994
871
821
2390
2381
1322
1114
1468
660
515
1857
222
2119
2067
1699
2470
1051
2511
1147
1987
1060
1835
2186
2047
1605
548
2513
1745
648
2564
1751
1509
2500
95
2528
1534
2198
438
193
18
2537
2125
2354
1809
2015
1075
706
1514
74
596
1827
1529
2056
1380
40
598
117
96
1992
1025
1791
755
1156
2074
1440
2487
941
2214
1200
692
739
1696
428
1594
551
612
99
483
670
1058
1102
1643
1164
595
2466
2468
1565
107
2279
999
1490
2253
1990
895
1855
1804
1720
763
2075
1143
1422
931
1785
2204
2579
1854
2337
1973
1646
2302
267
1783
1580
384
757
2494
418
477
1774
2009
1574
111
138
1882
2592
2283
237
361
304
1786
434
1443
2411
426
1453
2072
1811
916
665
728
869
1399
235
1008
786
26
229
527
1135
90
2115
1417
2333
308
1015
982
223
2529
363
2280
2310
742
158
2298
847
990
2544
1755
10
1656
1847
1716
891
154
2223
637
2079
1254
854
2185
753
2267
995
2124
139
2539
249
2109
1689
792
385
1374
1968
473
2455
2059
1846
2237
2062
834
2352
2181
75
1585
872
1411
349
2322
390
17
1845
967
2370
2317
1634
2177
98
1938
125
1593
1823
357
1124
142
1348
1069
291
661
1595
1624
201
845
940
1149
72
1524
191
2297
1040
1022
837
1375
1555
1262
244
1713
2141
266
1795
2139
322
2331
2598
2572
239
1151
1395
1600
407
627
733
712
2099
1300
997
2027
2423
1659
2582
695
1603
1723
2527
216
1296
2505
965
1893
1159
1346
492
2560
2285
315
2018
2089
1521
2591
2475
2311
