869
1586
1872
773
349
1834
376
842
877
1833
655
656
2210
1346
726
1596
342
1568
769
831
1986
1338
1011
1566
1445
1298
1908
585
495
883
2348
1088
1055
1424
141
1033
329
643
1473
1171
1945
1620
1724
729
1179
1447
1413
1701
808
1855
927
1218
2579
1687
1410
1217
774
1884
2353
1370
2078
928
618
2381
276
761
937
783
1837
2114
1183
930
1400
2082
886
1909
1843
241
523
47
2417
2367
297
1481
1548
1238
1830
2453
1831
805
2398
1516
790
1533
2478
1507
1435
849
2232
467
1607
1123
1510
353
1750
97
1415
418
2016
667
1270
2364
514
1839
1436
646
300
507
1723
1617
576
1840
268
1744
199
1518
364
1380
931
1203
1862
892
872
2427
1875
306
666
1236
1128
1770
570
2024
354
1390
2589
1133
1845
1002
2010
2018
668
1582
2459
2037
1316
1877
1970
1540
1578
513
1600
505
1953
2136
463
1401
2373
318
279
396
2457
2192
1457
685
181
2355
884
259
1698
2227
1669
1544
889
2138
2285
2263
1785
1773
2493
1443
2061
493
2267
1737
470
2465
860
2517
2011
881
1015
2220
1125
2288
2361
1887
2532
728
1302
598
635
1031
435
703
1865
1994
694
2167
2569
1292
1427
2519
1082
1389
369
1397
1793
1794
1886
1798
472
1070
1934
1468
908
2143
1921
424
1192
2358
658
2026
114
1103
2299
90
1652
634
1172
1916
622
2218
1281
210
1965
2434
1394
2342
2119
477
1188
1693
817
866
1957
1085
1176
1438
2408
1271
2495
265
1160
835
1584
1003
1792
1462
175
2350
1585
185
61
1505
215
559
73
697
1528
292
264
687
966
2190
2012
1632
2212
2422
2458
2226
2347
478
2027
2085
907
2508
1980
121
350
1399
319
2510
271
2538
1732
1993
266
511
2440
475
1093
589
1501
464
997
231
759
1267
1448
1861
1591
2147
1444
1567
1058
1157
1935
692
2093
1403
1531
1195
2110
2428
2423
1213
1529
1775
248
1813
1892
244
1036
986
1719
1136
1716
1077
2447
2359
2255
2253
1713
591
551
1291
1715
275
222
2199
2090
1829
498
1273
125
1969
544
1214
795
1697
897
391
1604
1783
1250
1553
1476
1572
1727
200
12
2216
2134
1807
2301
2281
2135
619
1482
1211
1404
483
1276
2466
1307
152
1619
307
1769
782
1520
440
219
0
28
798
246
1210
1816
1852
698
1920
1958
1534
1348
235
2224
2137
766
15
741
1465
1361
1297
2503
1961
1384
2537
273
1672
2207
1048
1815
1982
1295
1425
1466
2429
562
225
1454
648
102
131
1453
1791
868
134
2083
1592
50
2504
1611
1637
2228
1682
762
1588
1627
2133
1062
496
2362
2443
531
179
1904
1700
1811
2162
128
386
604
2045
455
1200
2399
2275
1309
117
1964
1515
607
1616
2182
2169
2080
1504
1282
733
2304
509
878
569
818
2561
1679
149
2257
260
1170
641
202
2574
2592
2476
252
904
217
289
2266
417
2206
1646
876
2596
338
1842
1919
1500
330
457
3
2462
1684
2360
1755
2006
929
981
2112
1991
443
1312
1786
1439
749
1691
1882
344
1871
1474
1972
1946
1054
40
1235
2179
675
768
1577
107
594
2122
56
739
2329
55
33
767
1759
49
584
42
2597
1388
2178
1805
1931
859
2282
2115
2383
497
309
1153
35
1475
814
875
536
1624
1277
2127
2340
2117
2351
649
1673
1512
647
779
2573
2595
721
2160
926
122
1409
54
597
2144
2337
1331
863
84
224
2404
2166
1720
1987
2154
1156
1757
2198
2570
1758
1493
1175
1216
2498
322
1164
162
1303
1819
1321
277
1333
1096
104
2219
834
2022
1736
304
2181
1455
1212
626
1078
2153
1368
1704
1145
1097
645
1760
791
257
68
1753
362
1446
2035
1228
2274
1562
247
66
521
2121
173
65
2491
421
1640
1206
406
1256
1129
1643
777
2549
312
882
308
1178
1661
325
639
1484
230
764
577
964
601
2270
1894
1702
1319
2446
2068
410
1547
2113
996
53
1020
1906
453
770
935
1728
27
1323
1411
2533
1941
1480
2097
209
2384
2221
1622
169
1287
452
1166
920
1554
1826
1675
894
572
503
381
1927
234
1521
1471
1239
1996
139
1285
106
1177
1782
734
2556
1917
2539
196
1426
775
1812
1117
684
1581
1220
1016
1234
1288
436
2241
2142
1846
76
1741
462
2008
826
2514
2268
1609
400
2118
1386
1382
967
915
979
105
557
75
1196
499
858
444
1064
1810
2562
1648
2438
1068
1681
351
612
155
564
1044
1115
1458
2163
1923
2265
94
20
2284
1340
2071
1135
1412
1371
951
1405
154
1402
565
2352
1268
74
1258
288
355
2148
1543
1560
2450
2081
2229
1225
389
716
112
500
1503
201
1126
2164
34
1004
1318
1266
1859
992
2141
867
613
278
2542
1184
590
794
1283
1366
176
2546
938
864
969
1121
1001
1574
136
313
2042
388
1913
140
1018
2481
2412
1461
638
286
1376
2146
1659
1748
411
1933
1612
654
2256
1638
1502
1754
1556
331
871
960
2530
1247
1047
1308
2250
99
2188
2249
1418
101
832
2222
1053
2109
1310
1745
1208
743
2043
2159
1173
1809
1602
1557
2557
2048
755
2545
85
714
2394
1109
2302
844
486
1013
14
1797
165
171
2279
801
2391
220
87
1356
2014
543
394
1853
1252
2072
227
2300
510
108
2303
862
378
1912
283
1244
596
123
7
508
2488
1030
1120
905
92
910
2536
1286
1442
1746
532
1940
211
1642
1656
1606
43
2261
900
588
2195
822
293
2185
1452
2581
2191
1806
16
660
1708
776
1161
1914
879
1610
1781
2004
631
575
550
737
461
1827
843
116
2380
1878
1763
898
2065
356
705
352
2015
1430
1850
1605
2487
2473
924
414
2513
2507
948
2171
538
608
168
194
2480
1649
802
1780
1722
1329
2290
416
919
980
661
1962
664
2445
2463
2123
1671
2152
311
163
2225
902
712
956
1863
1423
2471
1130
1509
1193
2565
2180
334
1868
1336
164
468
1579
1313
1215
546
432
1162
2050
1280
1513
2336
753
2177
2523
2524
1777
1407
72
48
642
796
1237
691
2452
38
2379
540
267
865
2328
2594
2094
2529
256
2030
177
640
484
58
2535
994
1971
1860
2235
587
45
2521
242
874
120
448
1050
644
973
2442
1387
2000
326
2242
2486
1943
494
1997
1542
1354
1952
1999
847
1141
2441
2335
993
1856
113
373
751
1663
593
1464
1081
1821
359
233
368
1341
2555
2371
2390
1686
1977
1181
1221
786
561
1488
2370
1924
1485
2057
1459
1396
560
824
1631
2310
2583
1395
473
1694
719
1299
787
2174
615
2518
676
2013
439
2461
2354
2098
2289
454
2311
1197
422
216
375
294
1932
2175
1615
345
337
689
2374
1608
489
813
1201
296
2582
1570
573
2372
1026
1974
1339
129
2100
942
1315
481
1678
2202
2552
281
1219
1432
2558
563
360
437
2247
103
1641
390
1662
2341
2553
671
1226
977
2568
2575
474
398
982
1536
2547
2571
610
1838
2155
972
985
2064
788
2276
1976
446
537
2201
1137
2564
459
978
135
488
93
614
1143
1301
221
1150
2130
1537
83
2149
1249
2111
524
1895
1824
520
204
2420
130
110
384
1278
1851
1148
1351
1134
1527
2173
1551
147
827
1300
1978
1269
427
1491
936
2269
447
1644
2455
763
989
999
542
8
1063
1138
71
1168
2356
2069
1738
2319
302
829
799
2599
925
2293
2322
22
1038
2052
1441
1573
887
1888
1158
2278
725
603
2551
681
1025
2273
2294
403
1190
710
2092
1022
115
2387
335
2208
423
1118
1841
1106
1434
2102
2053
673
1496
501
1066
917
1477
1073
1373
1885
793
2055
1926
425
482
1189
1787
2472
1709
1429
525
291
348
1294
940
512
1667
2272
1778
1752
1
1056
385
1880
2550
1849
347
407
2187
683
746
1983
2161
377
1541
1279
1483
1749
545
1379
172
1825
778
1152
2333
119
2531
696
1629
1012
2376
983
840
1069
2418
321
851
2038
2096
251
2515
382
845
1718
1901
1204
1858
679
922
1342
1677
1959
2186
2543
2264
2534
517
1489
617
1416
1695
1968
586
2357
2567
1832
2128
2548
1655
1350
39
2419
715
1187
1347
2239
632
1764
180
918
1565
2483
695
303
450
1095
1636
1992
2237
2070
1344
742
1005
990
2500
1343
1801
1835
686
2449
1087
305
803
442
2456
2106
1057
855
1911
1881
1808
2339
2116
674
2401
1594
2489
1223
2369
1960
95
2375
838
1100
911
2505
1355
1314
2007
44
1111
1915
804
1132
1352
1653
2566
599
1626
1107
2414
451
921
465
346
806
581
2475
1936
932
609
1506
519
1595
943
1525
1658
1729
182
2540
732
2223
166
2286
1398
232
1202
2254
841
893
2334
249
270
2587
1431
2009
2139
1209
2211
51
89
1241
82
2088
583
315
2349
854
2073
428
580
1456
118
1414
704
839
2435
239
238
2023
833
25
1330
1538
810
1163
636
1714
2368
1519
933
1487
1613
781
754
218
2436
253
506
616
680
2280
1334
1272
1803
1589
953
62
1383
568
1478
2168
1897
722
2560
91
995
26
2314
1428
949
856
1535
771
1903
1740
1742
2522
1449
750
870
195
2527
1870
2433
2067
1989
621
111
2332
1101
2331
207
1090
630
2196
1498
735
738
2584
2194
1601
1071
1174
2246
1942
11
320
471
1034
2205
789
988
736
846
434
1772
784
2400
2563
2316
1563
819
1186
167
1472
717
527
1876
888
1711
2140
124
2103
1522
2001
2413
2292
413
2245
941
1966
1091
2003
365
2312
2124
415
816
1251
1530
1874
480
1735
1084
1762
923
250
2305
2559
1545
1122
958
387
1587
708
2469
731
2464
374
1359
1517
2017
1939
2578
1326
1392
2525
1766
1726
677
1692
158
1630
327
984
1666
2062
205
2326
1918
1089
965
2377
2485
1979
487
2086
1896
955
429
1061
1374
502
745
1975
2432
2233
77
1147
1889
2184
991
1182
974
1353
2054
1795
1110
37
600
2193
1817
903
393
861
491
1639
282
906
2386
1580
258
1683
23
2520
1146
1417
916
1260
699
602
1768
1973
323
2497
144
96
1151
1112
317
2541
1771
2107
1083
1955
1981
2591
1040
987
1603
2576
1262
723
976
1105
2262
2156
2392
2283
665
1598
2066
2126
1028
19
672
2005
10
1263
807
627
1311
752
98
1227
780
688
606
518
730
962
458
1185
143
1305
70
1124
1788
1893
1119
137
174
1378
2506
2260
1511
1680
1080
1046
1623
1408
582
2036
637
1873
558
1767
1526
198
1546
60
765
1144
1690
324
1796
1561
2032
1614
1733
1248
2029
1651
2416
1149
567
441
1360
945
1113
1990
852
821
959
970
2049
2277
1205
1499
823
504
939
2306
1169
126
2588
57
1052
1905
578
361
52
548
541
1710
1854
1822
339
2108
2315
2298
310
957
2087
954
1265
1019
1864
1451
1790
1495
1290
1131
2363
1621
2460
718
2259
1296
663
240
1322
1674
1492
2516
214
662
693
332
1059
2439
1930
404
1593
1045
720
2366
363
2324
528
1406
30
611
1951
2025
1985
549
1253
2145
1891
412
702
2099
1479
1890
547
1944
2165
2041
2046
2236
86
553
971
1599
1789
1086
280
1094
2059
1800
2580
625
314
191
1199
340
254
1381
1127
2585
426
1706
2526
1104
1558
2079
1524
336
1043
157
2158
184
2470
1065
2346
1422
744
1385
2389
1358
2454
2287
2467
1804
2396
290
357
1734
651
366
1463
1327
740
132
1590
2252
934
1761
2424
420
1828
2231
1625
138
2034
1848
1021
811
2084
1900
1035
2590
285
534
727
1032
150
1440
1925
1140
192
456
901
133
2019
1963
1937
1836
1634
1688
707
1575
2125
1275
2365
1898
67
1954
629
2074
950
690
1899
2378
515
670
633
711
1155
785
652
1365
1246
913
797
1654
2492
1633
1550
190
1049
272
1345
2291
142
1194
1363
2468
316
1377
678
2151
757
402
379
2058
100
700
896
2063
1995
554
1139
1231
21
1847
623
78
975
399
1988
516
628
213
1433
1255
1618
63
624
1867
170
151
2593
555
1751
243
262
701
1571
1076
2215
228
1647
1243
2296
2183
2002
2343
1039
1721
2482
1349
2382
1676
880
1284
146
1628
2572
2451
1328
183
836
1664
1372
1956
1756
1660
2040
1657
2402
2209
1949
2313
1645
2512
709
1421
1232
1950
1564
1332
1576
571
2586
2484
772
1508
2047
592
395
2076
188
1420
1665
1689
2411
187
1074
1490
529
2230
17
895
1242
1072
579
405
1304
2395
2320
1984
669
245
1820
1922
301
2323
659
2091
1067
2317
2051
830
556
1207
333
1369
156
2509
479
1009
1306
595
226
2213
1014
1165
909
2
1707
255
1938
963
1240
1010
2271
2501
81
1460
274
1486
189
2490
1245
41
1092
88
299
358
2044
2431
1362
127
535
522
2318
2410
46
2388
526
1814
1051
490
1006
2204
1335
1539
1467
1159
371
1784
653
1098
946
2426
2327
1274
912
885
1725
530
1685
18
2325
1823
2297
2258
1650
1799
1041
2511
438
2477
1743
223
2244
1739
1559
80
2189
1108
747
682
1705
1324
820
263
2437
1075
1437
1779
1555
