2106
29
305
222
803
110
261
615
510
2019
2497
1905
1465
967
2557
673
1767
1415
1525
2346
1475
2149
22
1164
1180
300
1730
211
2441
2088
2029
1679
419
2025
2366
2292
1341
895
432
339
501
465
1259
2260
45
1715
667
461
902
2580
373
127
1119
1104
1501
1413
2040
1128
1274
1971
660
557
542
55
813
2390
588
2527
1251
1903
798
1295
1278
2240
1956
653
1060
835
1871
2038
206
2345
1237
2086
2593
1987
70
1406
2153
2365
1966
2454
366
1887
739
102
870
1880
736
149
78
1964
2448
1667
214
890
1144
2132
1305
275
1469
1156
1331
773
740
1124
1255
1572
905
1496
1640
1435
243
2461
1662
712
828
108
879
1452
1741
504
2476
130
579
1614
1934
411
1242
726
1248
2002
969
2174
1135
2359
1755
2404
1569
1893
1636
1043
891
2303
2464
367
754
850
2572
1512
414
1155
226
1436
1570
2356
900
1002
1737
2369
2328
230
199
309
672
320
788
1183
2098
1518
115
355
1727
1117
2032
947
1307
1401
1407
2505
497
848
643
914
272
1726
1686
2573
1539
2512
1780
1521
1418
772
139
183
1598
1
2470
1343
1977
1872
1247
495
1293
617
613
1174
968
236
2061
811
2594
2466
2110
636
2322
1551
172
763
1647
2562
2185
2316
113
1556
47
1653
1708
1004
1210
1403
921
248
2204
160
1376
1974
2579
2567
2169
1158
347
1742
2091
1795
877
11
2538
574
1533
714
663
1922
2325
1451
2214
724
1714
840
2574
855
611
1217
2435
1377
1084
2431
665
2411
1404
2159
978
1588
1292
1749
299
88
1333
1800
2554
1652
335
1604
1590
1752
2578
2401
1067
515
634
2389
2194
80
1545
972
2202
18
608
2005
1080
913
1564
519
2298
1691
152
493
1125
2163
1139
2
1820
1477
223
1696
1077
966
1297
2419
1799
14
872
37
690
2145
73
1152
100
666
2267
1721
1790
363
1289
1596
1732
1584
610
1378
50
2067
31
173
145
502
1460
864
786
2221
2274
1682
1003
1589
920
1849
2364
1498
1284
2530
1656
885
2358
393
983
1772
930
365
1048
253
1535
258
8
1526
2263
1591
204
1690
2541
2020
957
1330
808
846
1770
587
1365
1945
3
694
735
1577
51
2129
1607
2273
2306
2016
823
532
1731
2135
654
1486
562
1416
280
1936
298
82
2173
2514
1026
999
13
1425
279
2239
1387
2165
568
2302
1146
1204
488
2256
413
2228
2210
1548
1819
1756
1860
1443
2484
2081
963
2559
2393
1723
2196
2518
1773
1250
174
1367
1665
1580
1514
2164
800
2525
2517
134
2236
101
251
144
776
1567
2294
1983
104
1035
131
2584
1503
458
1309
2408
1710
1140
894
1621
2375
1585
169
2148
1352
1175
1848
1074
1986
1466
1788
1910
1483
2053
263
1281
1400
201
2560
1639
1863
1294
2482
743
2122
1438
1187
903
1145
755
217
2143
2271
2296
1980
1272
1895
1939
2270
2547
1192
1473
1587
396
1958
398
586
549
751
437
1301
155
1332
2156
57
704
2479
2230
391
1925
2523
1700
866
2057
2474
1154
2000
1461
111
677
678
852
1262
1873
1540
307
2188
1901
99
353
2379
1396
771
66
289
901
476
1961
1471
83
313
1959
2487
1804
2595
1707
116
254
2283
1390
912
1066
1196
1559
384
371
1850
819
1829
814
1338
981
2207
1834
1426
849
691
422
869
1566
1383
379
2119
1029
1189
1499
161
2449
2502
162
240
6
1672
551
1358
1650
2219
2069
1798
1221
986
1306
1408
351
1617
683
873
2253
1768
1797
1184
423
1622
1824
538
146
2237
1995
935
1178
1417
1072
2252
698
880
2451
97
1017
71
779
120
1171
1513
136
159
1110
333
1008
439
2338
1520
862
1796
1892
1448
23
1374
48
369
1455
737
1342
1668
842
1594
2370
1978
2073
1712
1982
820
2238
2520
2334
810
489
421
2102
415
2506
2576
1266
2265
1136
596
2291
1683
915
1397
1944
956
572
2178
556
1207
370
1608
1627
1056
1186
1725
1362
60
1748
1437
1427
2220
1317
2215
1101
585
1814
959
234
61
825
2031
425
836
1660
1089
899
2321
851
1087
2437
2439
2483
274
648
1932
992
1677
1766
2139
1123
1069
1493
547
1214
1086
2468
1088
1547
193
1560
853
2190
67
472
1218
1655
720
417
1802
482
2433
834
2082
1571
1761
390
1812
1076
630
777
27
1321
2400
1568
2398
2103
448
882
1409
2452
478
545
1388
995
123
1273
693
747
93
965
157
457
2410
218
2463
2127
1327
2480
1434
539
2192
1225
1264
2481
2120
1179
2013
534
1862
2563
2457
1357
168
518
589
1843
404
1490
1394
908
2459
937
796
744
1012
1421
512
1127
453
1709
603
2516
1916
1516
1918
281
909
1023
282
75
728
931
2413
2402
2340
2542
1412
118
2130
346
2392
1363
30
278
1613
2460
2123
1277
1745
679
641
543
2277
875
597
829
2246
2028
833
633
1349
938
2200
2388
2138
1792
2235
1055
706
466
948
405
1833
845
1081
1106
334
2536
1339
378
1632
1360
2033
703
2507
59
631
2157
2532
1239
1706
865
2264
1291
2436
659
1423
1998
357
2331
536
1858
85
2469
1822
1236
291
1232
1684
881
2290
546
687
2535
1938
612
148
15
1312
418
1303
1573
1758
2030
1825
1059
2037
2477
2304
1011
1481
681
1304
1733
1697
1191
2101
2266
2172
1543
639
124
2326
5
256
1411
564
1517
533
917
1105
2467
767
1245
1361
2416
1485
2089
1219
1817
1470
1724
560
2499
578
403
1212
271
1094
1005
1311
1484
479
768
1261
1299
1951
475
791
237
1670
1904
1052
2440
2247
2080
2544
626
2343
90
711
383
2528
2213
2254
2083
2206
2308
2195
2588
1020
112
1734
1941
816
1431
362
1803
730
2495
1546
1345
464
2144
1519
1120
2341
1740
499
1832
656
2591
2515
523
255
1015
676
1021
2146
2504
1162
1663
1422
1405
826
2362
2556
2275
2361
1992
1410
860
1203
1534
710
2493
433
399
760
1553
348
1267
1537
219
344
1976
1524
360
267
1169
1687
2534
1051
247
1874
269
1231
2059
293
235
911
238
1151
1869
473
440
2134
2068
774
769
1889
1523
2508
528
1134
623
1997
1138
2079
221
1288
397
2140
41
460
1030
558
125
1063
297
1729
1395
1429
1635
1527
1637
54
806
1717
1075
1921
1109
994
951
2072
632
1419
2058
2582
170
2462
520
2383
762
1763
1875
2074
936
44
1928
1515
2434
544
1276
907
2522
621
1867
910
1213
2329
2386
129
592
1555
1141
103
2540
952
2438
1920
1325
202
1676
1831
1754
670
674
1241
1552
166
468
158
1071
1137
2380
470
1774
2062
317
812
1538
1876
1254
1430
1902
709
731
1373
2317
1380
58
976
2409
985
228
1042
1890
1249
1989
2353
1252
2050
442
1211
1057
49
315
2473
1579
2332
1783
1149
2349
56
163
923
2313
205
477
427
1897
1036
717
1216
689
372
1638
2026
2176
429
581
595
302
1611
2395
1308
184
2475
671
216
1487
1623
2095
1013
1428
2039
1132
133
1558
435
668
213
359
761
177
225
1981
426
64
1414
753
822
1615
1923
1098
1014
1746
198
1595
1994
2113
1016
1531
2137
2422
929
1840
361
889
1935
1439
638
1142
1719
2543
1122
2446
2381
2193
2455
1835
1500
2133
637
2456
1550
918
2004
1885
1054
1280
1883
973
884
2229
1001
2355
364
441
1479
1816
2177
1209
2407
2443
566
1602
142
185
548
36
340
1269
84
2301
2509
244
830
1393
2501
1130
2293
1984
178
949
529
2519
1202
1028
2258
2399
2405
1929
1689
567
81
508
2142
252
2063
1296
1462
1522
571
818
1424
759
2036
1228
382
1091
530
2503
407
1628
2042
1718
1599
1166
1882
591
1336
1823
126
2384
1329
412
1532
474
989
1694
65
1037
1868
980
455
970
20
1851
1454
2055
1968
2498
1856
958
2034
799
2124
606
301
524
2552
1900
207
782
2318
2531
1282
2412
135
1744
24
662
25
561
718
1888
2272
861
1947
2492
2261
2189
2024
1845
2339
541
43
79
975
2009
2500
242
925
1645
2180
2223
721
2284
1769
2218
1208
498
922
1384
2056
540
1229
2243
1969
775
565
1988
1861
416
182
1915
661
1659
2001
2041
2022
1446
1805
1108
1315
2585
402
1283
2337
1375
516
436
119
2424
1865
1257
1039
1940
1440
1222
196
1575
1032
2285
2403
655
2092
1346
1913
314
2587
471
1150
381
2255
1041
2368
1391
1776
607
1996
194
732
1256
1592
1967
1852
2052
2351
715
2327
696
2570
137
582
1168
141
2170
1747
1787
584
1606
766
605
1886
449
1472
550
2046
1970
215
1562
246
2414
838
1857
284
1794
1681
195
1441
991
628
553
1159
434
2447
1492
2546
2592
304
2453
2051
1528
2558
250
1536
260
1480
2377
619
1593
1224
1356
1641
537
374
789
1368
1200
1194
2421
609
2115
1782
1385
2450
1838
1025
1113
1253
2249
2160
445
555
2394
95
1366
224
1581
2335
2347
2116
955
1115
2385
2374
356
807
1112
1271
2077
1651
904
695
2107
1612
1973
1040
2242
1827
575
2598
2485
1444
832
1160
2526
1597
604
1509
722
2521
451
2250
1133
1163
62
1206
1165
1609
1711
1354
1680
752
2155
400
1031
675
2280
1605
1190
1542
1034
1582
2044
2183
1631
746
1177
1223
380
164
2017
1837
485
2064
491
295
1811
599
1449
2205
352
2186
2268
713
2550
2211
1300
1111
1381
2597
1459
1847
794
2109
1565
2118
283
1963
2158
2191
358
1813
669
444
2418
1646
2472
2241
395
132
2491
2087
1118
98
1050
2458
490
863
770
1777
577
1739
647
2571
2513
1965
459
1379
2279
874
1583
2168
1563
824
793
1671
336
28
2257
2154
1353
306
7
1504
2289
940
1402
598
1793
758
114
345
1038
1630
2262
837
401
1193
945
1268
2217
1359
181
287
96
896
342
2287
2596
646
1919
1952
1753
535
165
701
409
569
503
1350
1240
867
452
707
1703
2494
1908
2575
1743
507
1258
950
1044
576
1024
2367
2286
1298
1953
410
1654
906
1554
227
2314
1702
1649
303
241
2175
2577
954
2112
1807
1313
1433
2027
292
2199
2014
2093
1894
2076
290
2465
1877
1114
733
2181
1620
2198
1751
1610
1658
107
1698
1220
481
916
1917
2423
2078
156
702
1508
2015
1246
1062
1664
1855
821
431
699
2288
1844
1954
552
2008
620
1006
1626
2141
635
1326
1842
1841
2151
573
26
1529
2315
394
2197
1157
1864
1601
657
1808
1285
1576
175
386
858
522
2045
2330
1126
1453
187
1226
1085
997
1950
1172
1624
341
1195
2216
1335
1603
249
1616
843
1907
738
2003
2415
311
802
1230
2047
1898
349
2054
463
2084
368
2310
1549
1244
1809
1314
1881
1399
1389
2496
2209
941
203
1275
982
1182
2336
854
893
1759
1960
443
259
1771
1713
376
191
1167
898
1911
1482
742
189
1510
1502
1340
1643
1049
33
406
257
1181
1099
509
868
2309
1320
1116
63
926
1779
1238
1688
2376
2333
1675
1173
2121
2166
1153
2171
209
2126
971
998
1450
1669
1818
1884
2354
616
1828
987
1784
2131
1801
492
68
1634
387
1999
2295
2417
1464
2312
450
1760
1495
2070
700
1644
122
1896
847
2100
4
197
2225
511
1197
2021
1009
859
200
467
1033
2471
1010
1705
2233
1185
928
176
447
294
1738
1355
1836
1260
2167
1489
1657
2227
268
69
2429
2549
1716
725
1762
2488
1955
212
1618
277
2524
2323
2307
876
513
804
1899
988
343
264
1100
692
2344
1053
2311
1170
2094
1045
1878
1344
1324
526
1398
1785
1215
996
2281
1914
325
2075
147
1990
1234
1463
2583
1347
1270
719
688
1198
494
338
531
1764
1019
651
2490
86
1310
190
1457
143
1078
91
2049
2108
1625
1985
642
375
1061
1456
1530
1371
723
2043
939
1432
285
1600
857
622
167
1263
1931
2147
765
332
150
2105
1445
319
961
2565
602
2428
312
1544
1022
658
1722
1642
1476
1497
16
21
831
337
1047
420
1323
1685
1000
559
2478
2007
308
1058
1946
892
326
781
1648
2269
1695
484
87
2097
2182
680
932
2391
2251
1334
1046
1364
2397
792
2208
2231
795
1906
787
1930
2136
1975
94
2085
1093
1557
734
270
186
1488
1578
40
2564
625
331
1810
741
685
428
1506
500
35
1420
993
618
1942
53
1778
1750
2128
454
424
151
210
1830
2529
92
1065
2396
1302
10
1227
1007
2222
385
783
2533
2099
1879
1661
128
1143
1765
262
1201
506
109
1693
888
1909
483
927
1781
330
1233
2150
757
1318
1121
2125
2071
780
593
2363
527
1188
1442
1972
1478
354
2406
2445
1846
42
2581
1912
933
953
1704
2224
1328
644
389
2299
430
614
1382
1870
600
1775
1991
1491
2551
2430
984
276
649
2555
2096
74
629
1386
2553
245
839
1633
1735
590
1866
1728
2226
2152
841
1287
580
748
624
496
650
486
2090
2420
2023
2259
329
2278
288
1853
827
121
1370
1943
964
1821
321
2442
897
594
1791
322
1786
1949
686
2161
716
34
231
2035
1265
1279
