1424
337
817
1713
1406
2009
1643
1632
1854
1857
931
704
360
1293
1764
1123
407
1074
387
1847
101
2192
340
2404
486
347
2511
525
1453
797
1983
1426
516
1821
2549
2473
1280
1848
2220
91
455
2447
2026
1391
1485
2347
1040
842
2041
1233
2074
267
56
2515
289
2528
973
1893
1979
1708
645
1596
520
2296
1382
71
218
2453
1686
1455
2494
447
2078
428
1050
345
1928
856
844
1937
1079
1049
991
1118
1606
1655
2377
2472
2431
1376
2439
148
1137
440
2522
2028
466
1208
1562
900
2589
207
2194
429
1550
1981
2294
2131
2487
1057
2383
1721
2302
657
875
731
1602
1192
2594
1160
746
1669
51
1552
911
1452
2463
2493
1597
2072
10
589
1582
918
1023
1113
1095
1408
389
2184
397
189
2144
743
2247
861
2581
1758
708
404
1266
1707
2326
1
2050
65
1977
1239
809
1425
2147
2221
884
2354
1693
710
2057
489
1216
211
160
727
630
1333
1093
166
1252
1670
1990
2065
2539
623
1883
996
2118
1348
1683
385
1964
1462
2287
1152
1942
2435
1194
147
2301
1628
1155
328
1786
1002
1716
416
1055
1522
515
1960
1570
530
2345
181
1010
2266
153
1324
636
2276
244
2256
1069
156
2061
2034
216
2049
2503
985
2121
2142
335
2024
1009
1046
849
2517
2310
1238
1369
1343
303
510
185
563
790
564
878
706
1261
625
1780
1355
2448
1561
2014
867
691
2250
2454
1365
1305
1185
2586
928
364
895
714
460
1193
2240
2455
1607
384
591
1945
818
2562
2097
796
1965
232
1133
754
89
106
342
2563
1392
1770
532
1725
1320
2469
326
2013
308
2372
1167
2421
1100
517
2323
659
712
1143
1385
1727
1682
983
1844
380
321
2376
1684
2478
198
1573
783
1777
689
219
2325
2130
1354
120
2399
1871
323
1063
2064
1957
885
1542
1729
999
400
1422
2544
2243
2317
2038
722
989
992
2126
1766
280
1145
2227
832
2140
2079
2095
1483
1892
1147
2556
622
1888
1852
2093
1863
2374
935
1718
1795
2418
92
1675
264
1451
2357
1953
1589
2513
2329
1332
1303
2422
1640
363
105
1508
353
2063
2526
1045
1894
2573
2066
894
1372
1146
2125
1520
1383
1751
1914
309
1256
469
1213
2298
2132
543
1149
2189
1387
2199
667
2106
1327
2251
1409
1457
1882
2188
283
2363
2480
1922
2148
619
602
80
1187
721
1114
1294
880
418
424
1970
828
1650
1309
35
2474
2557
758
2476
60
1415
1618
772
512
165
757
1126
251
2051
464
1744
2440
1712
2308
191
1912
403
1688
1077
598
81
184
1911
561
1012
318
794
1579
1334
1796
1243
1083
1116
1168
1428
1576
1875
2104
2353
1624
1157
1359
1958
1773
693
1218
1850
107
2133
494
213
1366
1082
3
841
292
2555
680
1335
1222
1824
1224
2157
157
1828
676
2236
1622
1232
1403
1179
344
1078
628
1484
1321
940
1148
1139
12
1298
1388
1842
674
941
1150
396
250
984
1555
36
671
1621
2146
2550
1615
1032
803
168
1548
949
1876
444
779
2590
201
1169
2200
2502
1038
2291
971
780
133
2410
2204
871
767
498
23
1947
946
1088
1974
1737
907
2548
962
1257
2259
1975
2195
2238
2360
759
730
2553
1464
1908
2183
296
474
1631
2546
1177
468
1559
393
2569
1086
371
819
969
1838
1819
2358
459
254
1611
1089
877
1858
635
1031
1225
1641
1948
1829
77
1389
1529
17
1645
2207
1775
997
1950
553
1920
1995
927
2290
2046
2019
2527
1566
1450
103
2338
1662
177
1197
1014
745
1531
733
1726
285
1124
1925
173
954
281
699
435
765
1886
167
2210
1873
2356
2547
1940
1516
2446
402
734
1896
1065
2139
2450
1537
2592
974
2058
2342
873
2492
2269
648
551
1441
28
1956
1809
1867
295
1700
1545
1068
1782
2169
2426
2428
1812
621
2411
1855
1058
826
2516
603
1845
1798
2598
1810
2264
2023
1797
585
2261
675
2213
2561
1423
506
2285
2509
2239
1476
1728
2282
2263
443
774
1750
2396
2379
109
2533
307
1174
1968
2092
473
964
2228
1778
1666
2154
1439
2330
1811
495
914
164
2039
1667
771
2510
2101
1644
2572
1865
1941
454
2267
2331
624
1481
176
113
434
1616
52
883
1153
64
1099
93
1459
245
1283
398
1223
1410
115
25
1932
293
2010
597
573
2578
2545
1843
1898
1538
1221
1030
1512
1109
681
1943
2162
1336
2570
1771
1973
237
533
1946
386
146
1492
839
127
2116
972
1219
15
172
2457
2409
1178
2351
587
536
1881
2582
762
812
1769
1033
1274
1498
799
1398
801
1515
1825
0
175
2177
1404
1745
1944
586
2438
1897
121
953
199
482
265
519
1572
740
552
1244
824
2123
467
1963
1544
1830
2174
2420
2394
2059
1794
1307
1952
2248
294
685
2117
943
1323
2518
1839
414
787
1986
2155
2501
952
2314
1164
126
162
1377
755
2458
916
1217
1281
2465
655
2520
1249
431
1591
1595
529
1362
2056
2008
2580
572
257
2362
711
604
1619
2321
1823
816
37
1612
1290
831
566
1836
1869
2333
2551
1547
2160
2481
2497
1569
719
760
1442
2274
859
2380
86
262
59
1711
1341
2080
1140
1992
1080
2170
1743
1598
7
2571
2145
2519
1593
1084
874
2027
1660
1733
811
1302
701
1704
477
142
13
1087
892
1835
1803
2138
134
332
500
1951
128
1134
959
1575
1480
1754
1988
1381
465
1195
869
169
1701
588
2504
499
331
945
511
1999
2543
1776
2245
277
1661
855
534
2107
325
929
1633
1521
138
1635
665
376
2025
862
617
2022
847
1551
11
965
1135
222
1815
1971
2577
372
423
2281
2099
614
2191
137
1772
76
2071
728
538
2141
686
2103
524
2249
2532
54
141
966
112
1306
2484
324
870
557
1955
784
822
1061
1367
775
276
1676
1715
1802
2349
1757
1657
2595
835
1510
1260
1158
1878
2305
1799
1978
1846
1199
963
531
549
1592
1411
327
1056
2218
2375
1929
2033
1474
574
2241
1036
2152
865
2136
1816
1026
2584
1571
87
2560
738
2275
2091
1629
1931
1184
1346
2479
1696
613
430
1505
338
607
897
410
1549
1228
860
2168
205
1131
1279
2361
568
838
1449
1112
1356
1806
1961
2327
1671
1395
2337
2389
2593
881
1789
1027
2402
1070
1254
2120
1613
919
2419
2237
960
2012
845
406
982
2067
2462
1313
2398
1994
1649
1091
1557
14
1594
690
483
1440
2087
1834
579
2332
1517
1921
1173
1866
2164
1584
640
286
726
2391
611
1636
1540
748
1759
1419
252
1176
439
1749
1072
313
2316
463
85
422
1620
848
183
441
1646
1020
660
1034
925
2163
2115
2322
2292
1374
606
725
632
445
1092
1445
1637
462
1710
287
502
359
1311
351
550
1600
2470
505
2171
1162
956
2506
2203
1000
1277
1980
492
270
63
700
1818
437
837
187
2575
2344
2407
1738
1142
1509
1822
2156
19
843
365
1220
2367
2016
2076
626
2459
1658
1067
217
1903
1059
2490
1736
427
815
30
513
1904
2309
315
1491
696
2110
140
1528
180
18
833
2128
96
1506
1230
123
2052
2096
2279
1627
2186
2054
1934
1229
649
2085
804
631
114
214
773
1504
2278
541
1247
1651
652
1420
1987
24
1984
1370
57
756
1165
458
1102
1436
2385
2289
766
684
1397
108
1784
98
1196
311
2512
32
1588
2109
764
661
1790
967
425
504
2234
1487
2031
1695
1103
1719
453
2088
1242
273
117
2477
446
1312
889
1053
2414
1567
1814
1532
2489
1127
1237
1859
300
438
717
763
732
2202
1345
1681
556
282
69
2068
1204
901
1189
1163
905
457
421
420
1605
677
1831
1654
2423
1982
2393
1959
350
2346
1236
2273
646
484
196
1434
656
2149
240
1626
1856
178
1380
994
1495
2084
596
987
2373
2430
1840
2387
2401
317
798
2262
1699
356
605
1357
933
739
1285
1962
1308
846
1709
2340
1915
1443
2258
1399
1282
1035
1653
383
694
394
1352
580
411
891
1765
2334
2198
1665
1501
1417
595
68
1868
75
2530
716
713
1130
2180
808
751
2159
528
2232
2173
981
577
1353
1788
1210
472
2320
242
810
2205
1287
130
481
193
2217
2098
921
548
1047
1344
1330
2425
290
2587
1121
2208
485
1007
1461
1416
2113
688
1639
850
284
2415
594
255
1949
2233
1762
2007
259
2224
560
1909
190
1494
1668
1122
2129
367
663
395
2483
161
1760
256
562
744
1475
554
1351
509
88
226
1270
1386
2212
827
1278
368
1188
1585
1755
1599
1590
720
1779
709
1793
42
882
349
1827
662
1096
1774
1917
1421
2211
1044
221
1081
1851
2405
1918
1028
1435
379
5
2443
2094
814
1458
1066
1101
2565
111
55
890
1500
2257
1129
417
1996
836
2534
1674
1226
299
904
248
1706
34
592
1444
258
1832
1326
2339
2011
540
788
1117
637
1076
1288
2348
1154
239
399
1402
786
2395
715
1234
1427
1172
461
1910
1104
2172
271
1454
669
1767
1525
104
2466
2537
2514
2436
1465
724
526
1872
1546
642
2017
1916
1469
1578
333
1097
1378
1587
2568
1029
1564
361
1558
150
1375
1125
821
43
2306
2272
48
2482
2293
793
1473
227
2341
902
750
1414
62
436
1617
909
41
192
2053
1203
1042
2567
2588
906
1446
2112
2047
1267
1052
1291
1433
493
2343
1513
2270
2441
2060
1004
369
322
718
1690
479
922
1746
1694
2036
2137
53
926
79
1166
917
1685
1511
1447
1884
2105
357
26
695
1295
792
1581
2381
1159
1742
2591
268
241
1933
1206
2574
768
1170
381
2397
2100
275
830
503
950
1586
600
1553
46
58
442
2151
39
1563
1275
1608
102
419
249
1604
2445
583
2288
132
1489
2449
2005
1791
1997
70
1885
2029
802
1539
66
852
1913
2219
2271
2500
1976
2429
354
2082
27
208
1265
470
672
1073
1064
2283
1106
1938
955
1486
1907
2384
229
2000
1763
1536
375
2378
2197
986
1304
1289
2552
1630
576
2150
781
2042
2300
220
2390
110
1412
154
22
197
1037
1923
1887
1141
1497
450
2225
2359
1479
2541
2313
2083
131
1136
412
975
2452
2406
673
90
225
2043
1860
1471
306
2021
654
2488
314
1724
805
1286
2190
2335
2444
1299
261
2032
405
939
1891
2127
260
970
1785
2004
124
1535
769
1534
2538
392
575
2135
770
339
1890
993
1379
2134
1583
195
212
1198
209
2179
2260
920
72
2524
1705
702
1735
1315
2089
2365
682
627
1251
1156
1144
312
958
334
1110
2599
634
1972
703
537
1478
496
2206
230
370
1580
1862
807
1849
990
426
857
116
1642
358
61
2077
448
1264
1175
1105
374
1900
1337
1314
1407
2355
2235
210
785
1638
452
1609
1652
1741
1231
1874
2161
74
1756
1190
100
2
2165
1301
1826
806
1519
2456
1477
1730
1297
305
934
1664
1634
224
1456
1879
1993
924
118
33
1011
829
521
1215
1677
1527
977
1560
866
1373
1554
1071
1292
1437
1227
1967
2392
1212
868
1919
366
679
571
2364
1864
923
535
97
761
136
2382
1019
2253
1241
1209
948
582
278
2018
2187
1394
1018
723
1253
1258
487
913
957
151
523
451
2090
1740
2505
565
246
2554
475
1524
1656
231
976
2073
501
1438
377
641
800
2242
355
1371
698
1363
2226
1768
1787
1723
488
9
206
2143
2417
687
95
73
729
670
2231
2471
1329
247
1062
1989
382
204
666
507
1211
253
215
1384
228
1051
174
149
352
2408
2583
947
1906
143
692
2108
1556
1936
1430
2252
1463
1151
1739
1214
1181
449
612
968
2201
269
683
2015
1935
491
2558
378
238
1601
144
1138
1339
1317
1041
668
1466
1625
348
887
50
978
2086
834
1488
776
647
310
1691
471
1107
373
620
1263
653
2006
737
988
330
1119
736
2182
152
1431
1792
2246
171
944
1022
2181
1603
930
1048
555
2540
304
547
1132
2464
1870
558
2175
235
480
1003
1985
735
823
2215
2564
618
2597
1732
1526
319
2304
2437
49
1702
1692
1499
2508
2003
1246
1837
1013
1325
995
651
590
753
1128
2352
1518
559
2286
2284
2350
1271
1276
2498
2307
1259
912
1405
1493
2030
2069
1753
1094
899
937
898
125
1781
2153
1108
1200
1801
2442
910
1820
544
1841
1340
1015
298
158
186
2166
1663
415
1927
2388
951
539
518
1804
1924
2119
409
1568
1880
1284
2366
1191
1006
129
639
1300
163
742
1689
1623
1120
2299
789
2495
1761
1502
1490
2531
2111
578
2451
139
2318
1610
2542
1364
2035
236
1496
1939
2196
2176
936
872
302
243
778
234
2020
1468
896
1877
1060
1075
508
1926
2536
1396
1687
388
1207
78
1503
1342
1905
2499
1460
1350
1245
1273
316
858
601
1296
707
1672
1201
266
1899
608
1577
741
2461
2295
851
1331
2185
961
1347
1043
2122
274
490
2427
840
8
401
2413
1368
638
2037
45
825
1902
616
2303
476
2124
31
341
2075
301
223
1717
876
67
1161
4
633
1748
584
288
2559
2336
478
203
2167
1205
1889
155
1697
752
200
