82
837
2258
1289
810
2095
875
54
2103
1988
295
731
1149
979
1994
1332
2020
183
806
1612
1330
194
64
352
749
469
304
1605
2169
1847
1992
2507
869
2128
916
379
1502
459
1096
553
904
582
1043
2474
361
120
59
1157
1153
877
1696
2570
677
185
1600
2325
2102
735
1433
1008
1975
402
1629
2247
2502
831
1329
173
2222
349
2303
1833
517
1586
2460
2437
811
1066
1107
1593
709
1226
1480
551
1707
44
405
2224
1557
1923
1234
1849
577
1617
1880
1189
2216
1174
208
1049
1306
502
2236
951
1298
2082
1928
417
1922
1062
1983
1136
931
1475
1213
2094
1463
26
1041
2115
2572
207
1076
619
844
2147
31
628
1033
1642
2077
1030
423
315
1634
1598
2304
972
2004
2406
2375
343
1787
1927
331
1656
1494
843
594
1552
2146
1028
246
415
658
100
641
2409
587
846
1989
580
1220
1294
110
159
1565
535
813
1984
1601
2075
2347
231
2230
1286
1492
283
1027
1613
275
643
1683
1123
2033
424
2380
2309
2525
1199
1325
1908
425
969
198
2556
211
95
2595
513
395
2473
1637
661
2463
448
1795
1261
1816
1378
2574
187
1206
2065
1945
964
1828
149
605
1013
268
1574
1005
872
1374
704
1376
1936
67
195
1335
1722
1792
748
1311
348
1010
996
750
2179
1402
2059
1468
1915
138
761
1758
2110
267
2551
2183
1470
1479
2225
1578
2578
503
887
574
326
1258
297
2479
868
1439
1895
1972
1184
261
1132
213
584
680
1031
2229
737
168
2316
2587
311
1744
2382
2243
215
2116
37
1705
2598
2152
522
204
1460
1385
1441
1798
1756
1765
143
1810
516
282
974
1930
375
2332
1321
131
1648
1267
1596
43
2180
676
68
86
2192
488
941
1896
1101
1384
93
104
2025
2083
63
2156
1367
1661
767
1561
1794
2184
80
1813
1084
2081
391
1575
1665
565
2293
1909
818
2084
1786
1309
262
2555
2161
956
1916
2330
776
71
1241
696
1207
873
1718
1695
1205
1791
1095
21
66
1892
1854
1342
117
1937
1920
1741
1899
712
2471
1684
2232
666
2195
1616
2165
1946
2545
958
1838
927
2412
2484
2109
648
147
962
2333
2129
1580
1379
1745
1498
2265
2275
2044
152
457
175
1771
1359
1225
1876
2516
650
1948
1901
442
1726
1215
2120
290
2047
1176
87
2307
2543
477
1863
2114
850
2322
219
2594
1666
300
2264
2524
1621
1482
2098
1014
1890
420
2386
1673
1544
2138
1139
2196
832
1840
2442
452
1751
1934
1411
2308
1242
773
590
2362
438
1731
999
75
571
2557
983
492
1782
15
1649
2031
2246
1058
2234
581
380
2336
2456
62
1211
223
1768
777
1073
957
769
2305
1134
1135
1824
2
2182
210
1283
1047
151
1427
838
1368
337
886
1732
763
527
2286
1850
1461
2326
1319
1963
1697
2405
929
1604
1940
829
40
35
1582
728
276
1599
623
1007
892
115
599
1316
2053
280
921
357
694
803
1884
53
470
1790
2599
58
2268
1356
1869
2366
2041
2517
655
2164
376
989
88
1262
859
2050
2181
762
2419
1291
1230
1991
631
1872
1700
2410
154
72
2057
1883
625
2014
1985
1304
2191
1161
1277
2550
834
866
316
1860
1038
2273
1152
758
1305
1514
454
2294
2008
241
1350
557
924
42
99
2363
652
569
586
949
2012
741
2511
2215
2062
2506
1223
165
222
2540
2518
461
1572
1089
1667
1841
153
1140
1438
2256
717
1531
917
2017
25
2408
823
1687
340
1386
2432
2341
862
851
1778
429
572
2237
270
482
597
982
498
1533
1401
2282
301
1619
1423
1310
778
2125
954
1017
544
1333
1452
1635
970
1730
1301
800
883
2356
1098
1489
830
633
2248
920
2263
2030
1905
2292
27
2002
139
1410
545
2396
2505
1141
1357
632
298
548
328
2003
629
901
56
1078
512
1653
905
2383
839
1610
123
2154
506
1594
1318
891
414
1929
2260
1799
1169
1440
1947
978
2280
2344
898
2153
786
561
356
965
2537
439
1626
245
808
1106
455
1280
2295
613
1618
314
1801
2401
1471
16
555
193
399
1296
50
1137
1065
754
682
1202
889
1974
2535
1077
2428
937
1252
2533
2107
672
636
1273
2173
1864
952
2055
1632
374
1657
1538
48
1588
1702
1834
745
1375
880
1474
1749
1155
1054
1247
2048
1655
541
90
2206
995
1921
642
127
2302
638
1556
1163
259
1681
2523
703
2448
1006
24
1104
2270
1907
1473
770
2477
181
1187
1412
1636
2365
733
1554
2370
816
118
2300
953
4
256
388
430
1020
784
524
333
1500
611
2049
196
657
1404
1177
220
1664
1300
2287
566
2042
1796
2357
2499
1881
309
1784
1435
678
2371
881
807
1886
78
0
2100
874
1805
684
164
2318
1955
926
70
833
1512
906
1029
2492
1843
1960
1891
2589
1624
520
318
2141
406
2522
2101
1334
531
716
366
2040
1827
353
11
509
1736
1523
1844
940
1866
790
783
1255
1070
564
792
428
481
132
1064
1127
1113
251
644
484
2446
345
1780
734
413
1528
2200
2099
1422
1573
286
2485
1652
2360
2177
446
2349
1623
687
2219
240
1814
1455
2155
1156
306
2207
1646
112
1269
1690
624
1688
370
2029
1442
387
2438
1201
2296
1694
341
1114
1964
1352
2054
1998
1117
1158
1122
1340
1978
1682
1002
598
1016
618
2298
1265
1562
1090
1953
347
635
248
1128
1421
2450
2512
2348
1603
2418
549
1708
302
2378
368
1871
1173
980
2539
1193
1811
1724
1053
1802
2515
560
1746
801
595
2549
589
1763
821
1403
2542
440
1501
640
764
1336
730
702
1408
2148
992
732
1530
600
671
229
968
392
1436
1312
1284
649
1808
2568
592
1253
847
1434
332
2449
2018
111
1166
2113
1583
1910
2086
1025
323
2069
2475
688
421
1519
1949
1364
1346
2573
2558
1622
912
2241
2252
161
2519
1543
1086
1703
179
2476
2425
518
1295
1887
325
1426
2310
1662
1111
98
189
2453
201
947
1858
622
1781
483
2389
281
1227
2090
1171
1355
827
1118
134
451
1235
2278
1050
3
779
591
1507
2036
1513
2586
199
775
588
845
351
1675
243
2364
478
2176
1607
788
344
1815
2379
2139
1734
914
1428
178
2269
660
1175
308
2131
2464
1740
1197
865
897
426
1776
2581
1264
263
398
1912
444
1116
2135
1180
913
1587
2124
464
2486
170
2140
322
2289
542
1221
1701
1785
274
919
2121
809
2257
2009
2104
2106
1459
1547
708
1807
1327
2218
490
364
2299
2136
718
257
1445
701
7
1464
1692
2500
2359
575
1870
230
1504
1951
1797
1079
232
1852
1760
1266
1839
2596
1081
736
683
1943
715
1559
1148
559
453
1508
1999
1898
172
1263
2175
606
685
1517
2452
2111
1524
963
2373
97
1370
1568
13
820
1932
113
39
1347
1569
1990
1721
2526
510
1723
1290
2461
19
1965
2328
789
1219
197
1196
1882
271
2354
1351
1254
2145
121
265
2329
2204
169
1045
871
191
539
1590
2513
653
928
1120
2340
336
2509
2220
1200
2582
177
2039
938
1493
884
1925
2440
645
2567
2421
449
505
656
1160
791
2491
2210
1238
895
991
739
9
1383
2496
163
272
2324
1550
2317
292
1971
2214
441
1443
156
534
2078
1454
2597
2441
1003
1315
445
2529
519
1835
1108
2342
2091
697
1878
903
508
1846
103
76
596
1904
102
621
450
2209
1819
1903
1638
285
188
1048
2481
899
456
994
2541
1069
1271
1159
422
1650
1987
885
2015
2174
1457
124
2046
1210
252
673
1246
239
1373
902
988
1040
435
2213
1417
1012
1520
2239
533
358
699
1488
182
814
2395
1483
799
1458
668
1009
1522
294
1959
669
69
397
1407
726
33
2198
476
1567
674
497
389
1958
2384
817
2530
943
532
296
49
1754
467
2367
2374
2240
1186
755
2462
1669
89
1349
1371
2413
1973
1393
2170
2439
2032
338
1659
626
2393
1023
411
1486
1034
1239
324
1406
1138
1011
1124
1830
2416
2579
84
662
1906
1182
1729
1676
2346
2193
2323
930
1571
1467
2385
1345
1674
1465
896
1181
585
479
235
1036
214
371
1633
1738
2531
2157
2361
339
1969
2478
2052
950
707
12
1976
1214
2190
1935
5
603
162
1237
1268
2353
526
2577
266
1432
1620
1477
1747
1628
234
1803
794
849
1164
206
1052
1154
1087
205
973
60
2168
1323
2399
335
1606
2266
1170
1449
1615
2483
681
2001
630
691
2503
1272
2552
2427
1388
1398
857
1424
74
305
148
1542
83
310
2235
894
2528
1015
1997
1742
1444
2277
1737
2335
2514
2400
79
2338
2143
990
2548
1823
1611
2259
1825
1668
753
1390
1595
2281
1888
2343
2588
514
1353
1397
944
2458
1466
1592
2093
543
781
882
2424
273
2187
1297
562
2038
1236
2469
2072
2457
1581
1194
1525
1162
2188
2178
427
768
2123
407
852
1693
1644
2249
1102
1481
567
436
700
1248
1103
1968
1630
945
55
2431
462
804
2244
1689
137
2189
765
167
1032
377
1931
1539
1260
570
1748
1245
1151
1274
985
2238
116
2306
1083
1100
109
465
475
2472
1698
614
1430
2122
126
1022
473
1577
1752
47
2423
2350
1536
359
14
2070
1387
320
1715
1276
432
554
401
2010
1216
431
766
1046
2013
1879
805
840
2060
936
1130
2076
36
1125
2591
620
1061
2242
2532
2377
946
637
1979
250
528
1218
1382
2571
486
247
1511
1195
303
260
1360
627
1766
1044
2037
1282
1680
416
144
2171
2000
1448
394
369
2319
1431
1944
1270
57
1446
2035
1759
2045
1228
2547
782
1018
2056
1495
1288
2420
108
1115
1453
1647
752
10
404
2006
2414
1099
329
1322
2119
942
1812
1503
1917
1178
2527
1071
2490
967
1362
2194
876
610
458
284
547
2459
1233
1713
609
1190
2521
85
233
1767
1418
1793
1589
2071
742
107
2311
1670
774
1897
221
1770
1516
1165
537
706
293
2199
1720
2284
1314
747
106
2127
2251
2466
2151
743
568
2451
327
468
932
105
92
52
1026
1800
1203
824
2455
209
2162
1918
381
155
1497
2351
2559
2290
2465
639
2064
2276
1179
1527
1055
1563
2495
1710
146
1251
1450
1021
419
2388
1672
1059
1133
1259
1204
1172
1783
355
28
802
608
2536
2117
2051
312
2508
523
174
1761
2058
1224
556
2297
1085
6
1727
1244
939
664
607
1328
934
330
796
471
1709
1893
2590
1678
2063
319
1317
1250
1249
860
2021
81
1285
738
1855
1399
1476
1894
1817
1094
202
1129
729
365
418
826
2339
2447
1303
447
2580
1074
321
2480
218
1451
1496
496
2201
1851
224
1001
1993
692
2011
1405
1743
1631
2043
552
864
372
714
1529
727
2583
2253
1566
1822
489
94
858
1663
819
122
1558
2028
615
888
2331
2355
227
795
933
2202
1478
1942
500
1093
491
2534
616
1625
217
1024
1509
1772
2320
935
856
760
1429
1597
216
563
2422
2381
65
410
977
961
604
186
1042
698
1857
289
1092
2498
133
136
2321
96
772
1966
2105
593
2022
1856
237
190
1836
2255
2150
255
501
1
2564
2291
1954
853
2073
2034
1831
1358
987
576
722
1396
918
1818
386
910
1320
822
291
269
474
686
1413
51
1144
45
2376
1326
2085
1472
1820
1363
504
1168
1075
925
390
2108
228
693
2402
1775
2118
1753
2185
976
998
867
400
617
1679
2404
1950
665
842
1859
1146
1469
2079
171
1821
1243
1591
2391
29
1420
472
1082
287
30
1750
480
659
408
317
997
1773
1391
279
723
1348
2494
1337
2132
1232
825
1256
725
73
128
2454
1105
2272
870
1366
1549
2126
2407
1545
647
1645
278
22
8
1981
667
1982
1671
1576
334
2397
525
2429
815
507
1686
771
1733
1570
2554
307
521
654
841
2092
1962
2470
1354
2394
900
140
1677
966
1143
1287
1068
780
2489
1913
2562
1584
378
798
1212
1150
1067
17
2314
2482
1919
651
1711
1788
1372
1415
495
2301
2067
313
1809
981
2565
2167
2576
157
2585
1877
2312
602
1874
1728
2566
1510
2546
91
1996
1658
757
984
546
2007
1416
2112
536
2592
2088
101
212
2430
2097
2221
1307
2019
2089
2403
713
787
1699
793
403
1339
350
184
2327
1063
1873
384
367
2415
2160
1395
1019
1292
751
1643
1725
1324
1191
460
971
835
2066
2488
1392
1952
2137
1956
288
1447
1000
1526
2227
1555
1861
2208
1506
1553
176
1762
1499
2212
670
2142
955
1409
1091
2387
1900
2426
129
200
1995
1515
264
1867
2186
711
2163
258
2497
2068
721
812
923
363
1188
1540
2468
1437
1585
724
1654
236
1848
2087
2390
1712
1394
1344
1281
515
1865
1126
2026
1119
354
1769
2493
253
160
1889
1842
2271
1560
409
41
1755
1380
1343
2023
1147
192
1564
299
2372
1832
1977
550
601
2197
1641
1926
2358
836
2444
1518
2274
166
2334
538
1185
1706
1719
1369
494
1183
1491
1485
150
114
2267
2504
1714
1341
511
573
1278
2561
2250
579
2133
466
1222
744
2520
1209
2159
145
360
142
893
1779
