1477
153
1732
329
1018
748
2133
1214
1206
1766
1255
583
1843
618
516
67
505
1249
1166
525
2262
2546
1842
619
1187
540
162
1420
1160
1382
538
1985
108
2038
1603
673
2562
984
625
990
2023
2117
905
1702
2181
1816
739
2476
81
679
2416
1928
2535
718
2432
410
2427
2105
1165
1148
1768
2326
296
333
2272
2048
1024
1632
918
2491
1553
1177
2307
2447
598
1406
287
1873
524
140
2518
2419
1416
429
873
1779
2502
2156
1808
2178
420
845
263
201
229
2065
916
1594
971
2284
2553
1285
1862
1244
2521
2209
1385
4
1291
451
902
1039
1448
70
2279
1060
2270
1728
1267
2080
1315
1356
2075
782
1784
2059
895
866
495
2386
1617
232
1388
1652
1764
222
457
1105
1602
1671
1321
1585
1000
2458
2021
2042
1302
1216
16
2424
1959
1811
653
1626
2571
1426
2575
1147
766
337
1474
2010
1916
1086
1503
1358
2200
762
1845
1012
1615
859
899
136
430
1284
657
2111
150
1746
1737
577
2578
579
36
1354
1202
1943
645
29
636
612
2183
869
1705
1094
2387
2227
1142
2588
2195
1679
847
2380
2147
737
904
1459
227
1836
449
1360
205
2008
2538
1481
1288
2055
1623
1658
134
543
592
350
650
667
188
1065
941
1612
1610
2103
310
1139
1270
1344
1772
1231
1961
796
1611
2056
2482
966
1070
2345
2454
856
580
2
2020
1837
2540
2573
2215
1743
1193
2188
945
2237
1421
1822
1571
846
883
253
669
1881
1600
1488
620
868
1567
963
2366
1902
418
887
2053
837
2305
2359
1853
1110
269
2044
824
860
1817
1150
2348
1247
1562
1893
292
710
1750
2507
2199
715
2104
1042
1644
55
940
1246
2266
2464
1720
52
309
184
1304
272
2500
1931
1952
1188
1714
1886
1095
1048
2369
1810
468
706
1332
1629
506
2051
2587
1977
1067
767
2548
1653
1133
2395
2567
1525
407
622
2128
1507
1814
1542
1295
550
1082
22
1376
1391
1016
2026
1266
1688
529
1929
1463
1305
2102
1927
1229
1339
208
412
1651
324
513
2576
1520
372
1362
2599
617
1820
565
1868
1613
2249
2558
1650
640
259
2572
213
1155
1436
1725
2492
548
1311
692
1367
472
1821
397
2461
1505
95
1051
284
2549
1401
1755
1379
2037
456
1662
2218
189
300
1119
1399
2570
1919
101
171
1767
1791
1100
2508
1866
2052
231
1008
898
1370
2138
13
1124
2350
937
237
1801
243
1146
1398
10
2028
2309
408
1248
826
791
1857
204
9
1278
1149
1527
725
1790
1314
968
876
606
421
1465
1143
1844
100
305
1428
2081
734
2408
2109
923
130
339
1227
1577
438
528
1010
2512
2372
1336
830
792
1049
1742
246
44
103
1859
1017
2471
1046
2098
2541
1783
670
463
1203
2119
1415
512
749
656
440
1560
2293
2182
370
215
83
764
1903
1475
2157
1838
1273
801
1711
395
1458
437
1917
294
2045
1276
2268
1134
2246
2598
470
2071
1091
1807
1558
396
736
1173
371
946
1369
1925
1809
327
1745
1969
1533
2110
47
1045
1296
1536
1251
933
2526
86
1333
1789
2497
2204
173
1874
1660
283
2170
913
1530
1972
1019
2149
1641
584
813
1690
1949
1909
1998
248
1197
391
976
199
520
392
1659
585
1625
264
906
1541
1513
2210
2506
2431
954
1915
1678
2300
490
1572
193
1009
2089
885
1447
723
1666
1031
121
2040
347
526
709
2365
1877
1631
356
1129
1243
2347
1480
1864
2092
27
419
458
1260
2299
1941
919
1579
223
1758
127
2346
1713
1121
624
1634
2594
277
2451
2203
732
1224
302
1855
1433
1890
1253
2402
326
2463
436
914
2255
1547
907
575
1744
564
1400
1655
1584
236
943
383
1522
58
729
1793
521
2041
1514
1218
170
1509
1102
106
1921
903
1818
1412
119
1950
455
1226
652
2253
2169
1297
341
1172
993
2459
956
244
33
2590
1417
1361
2462
2397
1036
479
497
2127
832
1907
1211
1888
270
196
701
179
1462
1215
48
211
221
1583
1208
541
999
1795
1957
345
1053
1609
2441
875
1638
686
1240
1901
787
808
1698
574
2295
1106
2579
2241
149
556
2244
2433
2198
2153
829
115
891
2297
1501
1217
41
566
1884
981
2278
1204
2484
1138
662
328
1337
146
852
225
2580
2032
423
1924
2015
2193
1904
2078
942
1879
1851
2456
586
120
1389
2392
1706
1526
2343
1727
989
1212
312
1419
587
1681
1033
1543
979
1071
1319
1637
1598
99
1852
380
425
644
1524
1245
2173
335
1574
1529
2358
1806
635
427
2194
1473
594
1365
1192
2593
2513
509
2415
2589
1409
947
1191
1286
1423
2025
2231
2400
608
1682
1029
2125
911
158
1788
38
1636
482
1386
442
675
1566
290
2304
672
814
950
311
1863
1747
582
623
443
1383
2126
379
1186
809
1999
1234
343
151
2219
1377
217
1338
1685
630
2577
340
774
1073
1011
1590
413
542
389
11
1027
1157
1393
1183
154
364
2318
1563
676
445
926
713
2317
2321
877
2440
831
1236
2481
1300
820
563
1281
1467
1891
26
703
1185
1539
601
2030
1905
1535
393
1511
1487
415
2394
1813
315
491
2101
567
1657
111
922
750
351
256
2315
2336
114
2470
1878
247
2586
2245
1405
591
1005
2489
2585
1163
2393
1220
19
2091
1733
2376
1722
2519
1592
1446
2027
2412
1556
278
2208
1062
74
1074
589
1872
754
1980
1410
1699
930
931
972
1776
642
536
740
843
1922
602
812
2467
2282
252
929
769
609
1035
2569
1578
139
770
1734
1162
1496
1794
1709
1739
2003
1044
105
651
1170
1472
1900
417
751
233
1648
596
1219
2166
1
178
704
2563
2465
1849
1895
2418
313
1967
952
2460
961
92
387
562
2243
2238
752
460
198
1858
1395
1765
1582
2414
183
861
1497
2206
2223
141
572
823
1697
2421
1438
2596
388
212
403
1079
2000
2267
1781
1930
96
454
325
1097
2485
664
560
780
1944
1404
1403
1523
1476
2061
1786
1700
1222
167
1933
1075
2385
1294
2290
2342
2499
378
1897
1137
1443
91
2565
2248
2289
992
275
1575
2403
128
733
2234
492
1174
2124
2544
818
2033
2396
1471
230
546
1554
1182
2276
537
1013
2036
2086
1483
1719
126
2560
433
2123
955
307
2334
654
191
216
2520
2187
2584
688
2141
2132
6
775
854
321
381
1184
2093
1841
143
834
810
1532
921
1911
2473
1221
2144
793
368
1973
2551
1176
1712
1114
2176
2333
228
2435
467
666
1342
2311
2525
1531
2087
1787
1565
118
2443
288
1938
600
621
1885
334
2364
1622
202
2225
172
1359
113
570
1279
1854
1896
102
613
478
603
1920
1670
1068
66
2012
466
2294
498
2298
958
2375
1797
761
719
1299
1341
220
2320
788
251
357
1054
1557
1015
1619
1667
239
1812
2212
1741
1630
1484
2062
2351
2449
361
1122
71
2070
163
1883
1559
2478
1970
2490
1544
1759
2337
1861
689
2542
694
1115
2410
935
1804
502
1983
819
1464
493
2341
2355
1548
638
530
1268
76
2487
1716
366
319
1041
1773
616
683
78
959
1643
578
1785
97
1168
186
2122
597
1735
1724
1966
481
2407
1757
374
1684
31
1892
322
43
827
841
1050
461
811
2115
1292
874
1754
255
2349
254
1351
611
15
2224
1007
970
112
342
2568
1313
399
1723
175
2340
711
411
1580
2172
17
45
1856
828
2256
1022
2352
2140
948
773
2001
1425
2192
1964
1159
890
2450
2137
588
552
1991
2150
1832
851
1882
2283
2505
900
1287
245
304
1025
879
394
568
1293
1064
1123
867
1717
1353
1934
1680
1092
2426
190
991
2205
872
1363
1408
1390
1468
2383
1550
499
743
1230
434
260
1601
1271
195
157
549
1189
2455
218
266
977
1275
323
80
1479
881
2221
185
628
2094
2067
1080
1771
1250
1325
34
1918
8
182
2332
2131
884
1435
864
784
318
489
1076
49
1427
882
783
2222
728
1926
2479
1195
531
73
338
59
2164
398
281
1665
1940
1987
1154
833
573
474
2073
1848
1228
2258
197
646
2216
1088
1107
844
2488
1277
424
485
2534
545
949
89
1151
1736
1258
1431
1751
1442
649
107
2344
2574
1654
428
2107
330
1482
1978
1169
690
109
2515
2404
797
400
1112
1002
840
453
1023
2213
2532
1040
1945
431
1175
2196
32
2019
2379
1551
658
110
1887
1604
2151
1126
1014
522
2120
187
1109
790
802
258
1140
60
634
1254
2189
2391
2325
805
2468
1316
838
1753
1899
2139
1504
386
1128
1552
1831
2303
2039
2113
576
88
2029
2202
1965
2503
641
1259
363
35
1704
2035
168
94
1117
908
1568
2076
279
1461
2017
682
1368
1207
471
276
1642
2177
730
2398
1096
771
934
700
1098
2099
1089
1871
1432
2114
2242
558
1232
1516
1213
2275
2261
1880
1083
1235
517
544
2220
2543
755
721
1693
2329
708
983
2356
965
1310
1633
1792
1763
1549
507
661
2493
1194
439
137
1158
1802
1057
1914
2136
2006
998
2552
1200
2373
1976
2323
261
2079
744
1164
2330
1330
660
2327
142
1521
14
1591
1827
1034
1674
1708
1453
1942
777
2381
647
518
1668
799
871
1444
40
539
1103
2226
28
1835
745
1512
2174
1760
1237
18
510
1262
1081
986
2277
486
1265
226
901
1318
862
2235
1307
1936
2084
519
1104
298
870
1490
760
2165
2528
487
56
2510
214
262
1350
2545
2050
1796
696
511
2160
1205
1962
1689
2474
1993
2425
1394
241
1778
224
2555
680
1020
2483
659
1762
1988
2233
590
1546
2322
2486
1587
450
2043
893
2121
964
459
2034
1599
352
1371
1132
2556
2434
2184
1798
835
267
695
2175
373
1078
1257
54
2509
271
1006
53
1118
720
2466
446
2254
174
1869
376
2049
1392
404
768
684
1093
2159
2285
1616
1127
2511
147
1627
1084
920
42
265
1414
1366
82
349
2291
1003
2533
1669
532
1032
892
2362
1908
2527
1517
1910
2339
687
1052
1898
1340
1396
1144
2004
741
1077
1030
2269
878
2217
2060
1937
1136
2116
169
1774
210
1974
927
64
280
84
1306
1640
614
1576
1225
2401
1199
987
2257
938
273
571
633
1701
2288
1272
2592
631
1782
39
2014
559
853
2514
1676
2406
1283
816
132
1672
2106
925
817
2190
1455
2437
1996
1528
674
2265
475
203
1707
2445
382
2180
555
219
1589
161
742
72
180
1948
1180
441
962
360
1805
1635
804
447
496
825
2273
702
988
581
772
1043
144
1663
535
1687
194
1239
295
1992
1373
1407
637
98
969
557
2007
1125
293
789
997
359
406
1491
1555
514
1815
1923
2097
1960
129
1440
996
1328
1210
1058
1540
2413
1586
1152
1066
2068
1161
2082
2232
2064
1595
2296
435
1326
2448
2420
2211
599
488
2335
1649
1492
1946
1209
1441
1825
316
2469
1352
569
1357
776
1242
1912
2054
65
1498
1955
1982
1111
1090
554
1664
1178
317
1478
308
2316
181
1429
2566
2271
348
2057
1312
888
2477
1889
757
165
798
1534
806
1233
1274
2409
1867
2561
778
1380
547
2547
2495
2171
2252
2214
1485
2522
807
1021
2496
1803
5
2530
494
1280
2360
2480
2260
894
1570
1769
1989
1470
1800
1850
346
1317
693
2168
1968
2313
2186
1397
2047
476
367
1994
2228
2013
1153
2475
1322
125
936
1457
1729
836
1673
1298
1348
1518
2306
1171
1947
2423
2185
2399
1618
1833
301
1731
1935
994
1120
2230
915
483
207
87
1986
2390
2016
63
2046
1606
402
758
473
1593
444
155
1695
2024
2377
2472
1439
2118
785
2581
405
1434
1740
145
1608
1538
1130
1381
504
1495
0
385
1087
2516
1063
1466
1828
1179
593
1777
377
800
1537
369
1718
995
839
724
1451
1545
303
93
200
2108
1486
2022
928
685
1289
1241
1364
2301
362
561
2537
2072
2302
274
910
781
665
422
469
2310
1072
727
909
1860
705
1167
1301
2085
2370
1597
1059
1469
626
2371
2158
1252
714
2201
717
484
953
1198
1819
320
2338
2009
452
605
1596
1830
2161
1506
2428
842
2058
1675
2247
1108
1876
707
515
1456
960
242
353
2595
2331
1113
1374
2504
2130
465
1422
1730
2292
2539
152
21
863
944
2436
1621
2363
250
20
735
1956
2112
90
2328
1738
849
135
166
639
1847
2129
896
2314
1256
2367
1519
1424
1953
2501
629
1624
1981
1460
23
2529
1309
1145
1824
2361
1324
632
1196
1156
1489
2069
1347
924
2090
2357
663
68
982
62
753
1004
1502
2191
1001
880
2498
1645
865
1561
627
1628
1493
2240
2378
1906
731
795
2531
1069
850
1683
973
291
2163
1334
848
2384
1508
138
2134
1037
1055
1303
234
299
133
2074
1282
1308
794
1261
390
697
815
238
1085
1846
1829
2250
282
2354
1500
698
209
1269
297
2438
1445
2452
523
2066
1494
917
1752
480
1614
2179
912
2281
1320
726
2319
1116
268
1038
2557
2429
1454
553
786
1780
1761
615
2353
1331
432
306
1696
678
534
1418
156
1756
1372
1692
416
1932
747
1515
285
1290
1223
501
897
