2232
736
2583
2289
2051
31
1723
845
2539
2135
1639
2329
1146
700
2174
146
371
889
1657
115
476
1366
1603
667
724
185
1101
1441
2200
2578
1170
2257
680
1369
1256
1994
1801
789
2545
1354
1941
584
746
215
1490
1690
312
777
2001
768
1771
1269
419
2315
1732
1341
1145
1030
277
408
957
477
1705
2258
2021
1221
1461
2474
283
1873
1117
1167
184
871
2241
1454
694
1116
1466
2291
748
2142
339
2399
2348
1715
2150
1673
470
752
2532
856
2239
1425
1042
2306
1613
1786
552
2149
1990
1918
1883
2164
200
103
961
1766
1947
1887
99
2493
919
1004
2094
786
2446
1129
1451
2500
537
512
395
2574
2091
1680
775
1464
577
1083
939
129
1693
1703
400
1528
341
1370
249
959
2305
1945
70
461
1574
1081
2030
524
1331
681
298
2016
360
1258
1761
1450
1878
1877
730
567
1135
212
88
539
187
119
107
1896
1742
195
885
407
1861
1154
585
673
1074
1407
865
2371
82
143
310
30
1817
599
1497
2083
1161
1159
1222
541
245
1443
2592
1199
2037
1259
1253
1814
2530
168
120
2566
83
324
2420
2210
23
309
2269
73
2324
2555
2214
205
1610
839
2527
2245
678
820
1617
1302
1625
2047
1124
1834
2045
1677
406
1661
2292
117
1596
202
1920
2173
207
1089
1280
1826
589
2158
1348
47
791
1039
14
313
165
516
883
672
2457
1267
272
907
745
972
1667
817
2266
417
2426
2195
843
1840
1859
1137
953
1478
2462
1193
872
507
2076
1505
420
1031
915
1149
89
1320
1678
369
2544
1846
664
2032
1147
1297
430
630
1634
511
578
1743
1807
2482
41
1984
2406
1087
1489
654
111
494
311
162
2252
758
1109
848
346
1991
903
19
22
747
831
1828
1050
1324
1685
491
2517
281
1645
1362
718
1785
1523
650
645
1953
1751
368
1949
2507
811
1561
824
2496
1002
2461
1011
1021
1892
160
1779
772
912
2046
125
1091
2560
2357
962
1102
56
987
1192
697
1525
2263
2219
2363
1566
638
1105
1308
112
234
1162
258
1210
166
1176
729
438
2392
1838
958
822
122
2472
1378
2230
2218
1924
1457
1111
439
653
1379
2240
1885
714
725
2217
2401
2130
372
1548
1492
898
433
1486
2387
546
1260
708
1480
386
1602
377
2537
1568
2444
668
970
40
2526
1342
2342
1001
737
2179
994
2594
846
1973
1663
2139
1550
153
707
1916
1527
676
833
2429
2407
414
134
186
2580
382
357
1495
1406
1498
2004
640
2089
830
648
242
2394
1879
508
1315
1231
2596
877
652
2003
1519
13
1769
2208
398
2497
322
1856
1704
261
263
1813
1755
302
757
1141
633
1028
349
501
1151
1831
2556
2050
299
2100
36
1544
510
735
1747
1314
2256
1655
2121
558
333
530
1086
2093
1706
1865
235
1179
1448
1584
1053
793
612
1299
1005
1373
1935
1338
109
770
2318
2442
102
1449
1776
142
441
403
421
432
1257
808
1049
1547
597
2250
2508
637
2456
2453
1515
2243
173
771
1405
1864
344
2302
800
2353
1325
9
927
427
2056
1674
2254
1051
2260
2470
1401
1484
1000
2191
1467
1727
2356
2475
233
336
1913
1223
2274
412
1396
1469
1891
2478
35
1821
1185
810
426
981
2411
983
591
1479
1294
1360
1397
1019
571
897
145
1239
1219
984
594
45
1226
141
1839
651
279
1979
1157
2311
365
2025
812
209
977
1296
443
935
1711
362
1428
973
2277
49
1931
934
1559
1707
2044
2427
1025
506
545
1125
1954
475
2364
2424
1852
2220
1849
79
1745
2379
1842
289
1620
1473
29
1413
269
1576
446
732
2085
2492
180
364
1714
2404
1750
932
1646
1107
1465
211
2151
803
2064
2439
884
1344
321
1422
290
1985
1549
626
478
916
1608
1601
1782
1635
2017
1629
1444
1339
276
1390
818
892
468
2455
2282
1811
2388
1939
130
1824
1992
2591
1165
2211
1198
1347
86
982
715
2422
1058
1327
465
1587
1502
159
1203
1088
2015
2063
1365
603
951
1114
1440
144
1330
1372
1619
1097
1357
2430
2246
2538
888
1830
2340
2058
1118
531
2183
199
1458
853
2519
1594
1969
1235
1266
348
2088
1313
875
1512
949
686
303
1943
513
2531
2415
2157
1733
882
769
338
1932
193
566
1567
358
2413
1975
2216
895
1612
1387
2242
2024
2276
422
838
1281
2352
1035
424
1180
307
766
1322
2028
1900
1094
2360
1868
1768
1583
900
1709
182
765
570
2188
1551
71
2314
1764
2549
410
1335
557
2409
1533
535
1964
2595
947
2523
1819
1076
352
695
2193
1668
1628
2511
1453
1247
38
1003
2185
1475
1644
1065
2355
920
1734
502
742
1758
2181
1423
1400
59
1632
192
1352
405
709
918
1160
1911
1929
2376
2445
1697
1130
418
834
25
2055
2373
308
367
2231
559
270
2283
1022
1710
34
564
2205
1998
1869
483
1724
2069
1781
1564
8
282
1737
101
2253
1156
999
1240
1850
1128
1537
2235
1643
540
1075
2081
241
178
1843
58
1009
53
213
179
320
623
1844
880
622
2178
1577
2280
11
239
1126
738
284
1351
823
1809
1681
297
314
2040
522
1289
1112
790
1961
92
402
1713
325
385
224
2367
2237
1032
230
499
941
743
423
2122
1438
717
1015
2118
2346
237
642
347
1971
1622
783
1944
601
2350
719
780
1394
328
1986
538
1234
691
2163
1820
2319
2170
2533
1962
787
1285
661
331
2374
379
529
706
1382
1627
712
788
409
1136
164
1538
2167
196
97
1384
631
2105
1633
751
1316
2215
774
69
1108
705
78
271
437
1304
1829
1395
2502
262
2043
1789
2416
2418
37
240
255
2014
1836
1956
1427
1983
688
1504
1631
133
968
1937
1876
1195
655
1621
1431
2307
801
1048
767
293
1752
1216
1526
24
2386
795
744
485
906
1388
1923
562
2180
1794
1903
985
1415
2128
1524
1
2194
992
1804
2108
2270
605
374
1881
699
210
84
2224
1014
1328
1113
2054
2336
2341
2332
1279
275
1691
1433
2110
384
679
1202
576
175
2564
851
2062
247
1666
1912
1513
2589
964
755
1043
1605
345
1837
555
2323
2036
16
2279
1412
2554
1122
2285
711
451
946
2169
2136
2061
1965
232
442
1090
665
54
2082
455
399
462
1309
1171
750
1276
2571
2249
1055
643
1902
1611
876
1150
1889
2129
1688
2213
1569
1988
62
2372
487
2522
2425
1270
46
316
893
1007
1684
2186
698
1600
68
815
2286
974
1399
607
2244
2304
1738
1332
740
1488
1218
2143
1648
2440
2481
2540
1244
836
221
659
1970
65
609
2349
359
96
759
280
268
1957
1452
2543
2321
2432
1895
1392
1806
203
1254
1899
2098
1790
1805
960
2141
10
156
1833
1290
394
1816
1952
1200
2057
1056
692
118
388
1810
1398
547
1795
1999
2384
296
2313
2197
1901
696
1708
1459
2421
658
682
979
813
356
496
1033
436
2119
850
1477
216
1870
2101
1521
675
2138
460
629
2347
1213
1959
2111
1027
1237
519
842
1020
776
1679
1110
1542
602
329
534
644
1536
710
1978
986
2438
1393
866
613
2005
2499
955
1874
721
1871
749
2486
2251
1699
1897
456
2330
741
246
868
1106
20
1246
2198
1148
1205
956
532
1298
306
2109
674
2558
1731
51
990
273
2293
908
1376
1380
863
1553
1886
389
1016
2297
2209
857
260
453
1689
1283
854
326
373
2308
2512
2029
194
225
1510
2201
445
669
472
1252
2247
74
587
829
2535
2281
2134
464
2443
1597
1540
2541
228
1616
1906
2437
1482
2048
1572
590
450
1173
931
396
862
1133
553
1265
1872
1928
1238
1190
2579
12
17
2598
294
2116
835
2570
1905
448
1676
177
2065
542
2097
2516
1787
1272
503
837
1044
1183
286
2590
1672
1063
616
2236
1607
753
1958
457
2106
2382
323
1908
1915
2396
2489
2435
1337
1282
1017
933
1565
340
611
285
1292
2393
1013
1507
171
2125
2490
137
722
1696
2262
292
1018
873
1346
2483
94
702
1472
924
520
2229
731
217
1206
459
2487
840
2513
229
2080
1534
544
997
1359
2559
2225
76
1287
1092
1047
1580
505
2019
1575
805
2521
1066
1363
518
2503
1518
2542
449
471
2354
2090
1391
1847
2140
2073
533
2551
2023
2510
1307
832
1815
565
5
1196
2309
42
1491
1654
902
1029
965
67
2008
1245
1485
2161
677
1832
1894
2126
1660
114
656
330
2153
1163
1784
2171
1470
1780
1812
1093
1057
2518
140
632
687
1623
2417
649
1800
1825
189
948
909
434
1418
490
504
452
2298
861
2567
802
1214
608
1996
936
2467
1552
1730
1060
411
723
404
1651
2431
894
1158
1778
1609
2528
57
392
1880
2529
1615
2568
2071
636
1166
2468
1595
1757
1333
1264
2419
1942
1579
1326
993
1142
996
582
739
250
756
469
942
2086
925
1345
914
944
354
1951
1434
1835
1509
1562
1508
1898
2593
1181
797
596
1656
0
155
2233
761
124
1230
259
1420
525
2524
1987
1336
2115
2452
1059
1792
2095
2548
579
169
80
172
2509
1664
2380
342
327
1377
1255
911
2145
1132
197
647
1073
662
1273
660
2383
1340
489
1997
1955
363
2182
2553
952
704
1364
208
231
2339
1599
1671
1077
113
1207
881
1531
2369
1921
2451
2338
2038
2381
2187
1578
493
816
807
244
938
167
874
1511
2117
2303
337
2022
1665
479
1888
1184
2423
1023
1726
1471
2248
1175
720
52
891
2576
1194
2534
1636
1516
1554
1930
969
2175
1558
517
87
121
135
1823
2573
1980
1702
910
1144
852
2148
825
132
2344
2546
1652
2520
592
1225
1041
1134
206
425
1976
2476
1288
61
574
1963
334
588
2301
2370
152
376
2288
1494
2206
2079
1310
1172
509
945
157
2132
890
1323
2049
256
2561
2104
253
573
90
563
151
620
1416
267
1414
131
1138
1062
497
2294
1700
2333
689
492
855
1224
2471
1950
1455
954
2359
1893
1411
2041
1046
1305
48
937
1483
1808
2494
105
463
1241
149
1389
1168
641
2067
1072
2259
670
126
2405
1604
473
1774
2552
2547
1739
685
1329
163
785
2434
85
95
2320
1938
500
2479
1974
1539
27
1919
188
663
1851
150
593
1233
190
604
561
2300
2103
238
288
1036
921
2391
606
2162
1641
2569
2234
1026
1827
191
2268
1084
1419
176
617
1718
1153
1686
967
1926
1462
378
26
1275
1232
600
2480
1078
2358
343
1300
1375
3
1767
1040
2227
2223
1802
1121
778
1571
366
1770
100
127
2361
2267
2271
1720
1590
1725
1067
2398
733
2222
693
1753
2278
1082
1940
1100
1890
922
1626
2362
1591
1242
1131
1191
1982
1403
1295
1909
2584
1741
2207
2072
2563
1946
784
728
1306
1277
1532
1061
1967
2039
635
2351
2312
683
1080
1430
1772
2066
1722
220
1212
549
2328
1424
867
819
2287
1103
1215
2102
2296
1417
2020
583
278
147
2075
139
806
627
116
515
287
2052
21
615
727
1529
1268
980
1822
495
1358
1570
917
370
1127
657
2053
1010
1637
2403
2448
355
1383
1120
6
2078
2477
2147
1071
1099
198
614
1054
201
60
1563
2473
1573
1907
1904
2202
2377
2458
943
1460
381
2124
1925
106
966
826
2408
2585
521
1773
1251
1374
1155
1319
1070
1468
1085
1303
158
39
223
1736
1229
1068
2177
2212
1442
568
2290
2013
2120
1589
104
50
183
1140
1506
1788
300
458
1936
1024
488
1291
15
809
899
2184
295
1353
33
1618
2133
879
2221
2428
413
416
2006
1698
1989
2074
2484
4
2007
1762
595
136
1381
1211
1250
1123
486
1520
154
1966
1546
447
108
18
28
1775
1653
2203
1187
2460
335
1435
248
2010
32
2469
1271
2199
1783
2265
1139
2155
2087
1917
482
77
2459
1408
869
1169
1796
2368
2114
528
2107
827
2582
361
1152
257
625
556
1334
1695
2599
2238
896
1841
2009
1517
1095
2325
1201
671
2261
1385
319
375
1115
2316
2196
214
2557
2343
1721
2011
760
1037
901
1278
123
713
444
72
2550
779
2588
170
2562
1006
536
181
1174
1658
2581
1797
227
1249
998
1848
764
1922
1862
2525
1522
995
226
634
2034
1556
971
301
415
1866
2485
2506
2337
2454
2572
75
1284
1701
1960
2498
254
1557
796
2275
1500
2447
81
222
716
1217
870
1436
646
1182
1763
858
2322
1368
1948
1884
1793
886
1119
1716
1064
1350
1692
2159
1503
913
782
1318
1367
1592
734
2096
2168
781
2027
2077
93
435
428
639
1791
1545
2092
989
1286
1650
2410
684
2436
523
926
1598
2165
1343
575
1759
63
251
1361
484
2378
1189
2264
2491
1178
2144
2228
1560
2033
799
762
1585
1012
2433
1977
798
2099
243
624
128
1439
380
1981
2031
581
64
2166
1803
2146
318
548
1799
2345
1530
1402
1586
236
1614
1447
1098
1934
2414
1649
580
1456
666
1188
2327
2412
1008
550
701
2192
1717
1143
1432
1933
266
138
2504
1857
1496
2002
387
1410
1712
2189
1845
1045
1069
2505
2012
1356
849
1744
1463
1683
110
1474
1445
