1988
683
964
2285
365
1227
1776
2380
1993
775
1647
685
1323
2352
241
2544
1181
2234
271
2064
600
1555
741
381
1628
2122
1447
1811
1643
170
2055
1500
1088
551
527
670
1087
622
1259
1823
1789
47
1221
290
1614
94
2058
70
34
1856
2173
2441
369
841
1000
451
1389
1962
1404
16
757
569
779
221
813
2148
2000
93
2164
1396
727
517
1164
919
1490
1146
979
729
371
665
1651
1664
449
1557
966
1277
709
174
1788
1072
2540
372
1312
916
930
627
1801
2207
512
777
1467
2287
204
1765
1358
1892
2399
910
488
2339
2327
1074
653
1271
742
1748
1201
2374
211
452
1843
1100
1923
1335
808
231
1257
535
115
1042
1240
1535
1690
1412
2024
817
157
896
206
1885
1984
1061
1753
1178
1867
904
1458
467
1368
97
50
810
2425
573
583
1488
2205
106
63
346
185
1749
1743
2066
556
1411
718
251
1700
1899
1924
2255
588
357
1492
89
1446
1825
1806
1637
1839
629
329
820
1952
497
1710
433
2340
43
2091
1750
1266
2225
2214
461
1505
1695
1334
825
242
2539
2402
1166
1926
1218
1549
2369
1583
647
2328
855
2501
281
2217
710
971
2579
1684
1365
2262
1479
672
691
657
763
253
677
1434
2098
2455
1626
1044
112
2480
667
395
1217
2235
1807
2597
1348
2003
871
2515
2382
2069
873
2408
962
463
1950
1756
983
103
920
1154
2409
353
886
1314
1182
1757
1253
2563
1220
2276
1032
2175
4
2130
2497
193
1667
707
1263
562
1048
316
1367
192
263
434
2537
2385
933
749
299
1855
1464
91
2478
1051
121
248
1537
2338
1688
1400
1226
36
2378
18
1225
1891
2105
1816
168
621
2303
203
2280
471
2178
1745
766
139
915
2195
1375
2047
746
2483
1769
2145
2295
1932
2407
1443
669
2140
1802
687
2569
1995
2219
612
1034
2446
54
1289
267
81
2156
2486
1343
907
577
1633
575
1057
1589
1357
336
1985
912
431
2260
2421
1931
1055
978
1793
2250
1603
65
630
776
1208
364
2493
1476
2394
1058
1791
128
2414
330
1329
1522
2473
2109
2120
767
1968
2528
1764
287
1133
2411
2019
107
1909
827
2218
1588
887
1958
202
1658
1117
344
2159
265
2577
79
2326
498
1871
1622
1140
2144
41
765
823
797
373
2435
456
580
2449
1356
1440
1008
605
1311
2427
522
835
9
581
2256
1300
1141
1847
2299
1462
2101
528
628
846
340
1880
407
1927
1013
1963
1377
1222
327
1983
1687
713
1904
2313
255
1033
2282
2349
2153
1287
2215
935
1844
994
2034
2135
207
308
1519
728
1474
58
1642
1347
1747
3
888
27
1798
1035
652
2525
800
1151
2527
2111
1565
101
1815
1160
1607
2104
2504
1317
2080
1027
941
956
704
783
2548
559
1204
932
2494
465
320
1723
831
1965
917
1127
1050
2008
762
375
118
123
1592
1210
302
20
866
1006
662
51
1123
1708
2331
2301
1819
75
2103
2346
216
616
803
2570
1494
333
322
2558
69
1145
1598
814
1766
921
2310
404
1711
848
215
1948
633
1859
938
1184
1504
1075
658
382
401
1512
173
66
644
360
1078
363
603
1480
243
836
345
2190
1056
973
1234
613
1929
368
1176
1841
95
2056
1517
1270
895
824
83
460
1632
2200
377
2191
732
1286
1706
1003
85
1699
187
592
2023
2389
1836
725
2309
1648
2181
889
1829
487
859
86
2321
1502
2296
2357
2581
2556
1884
388
443
1678
2564
1619
2571
1617
2324
609
1824
2015
756
1848
2574
1659
134
2451
1731
1172
748
1320
1005
1079
1582
2093
191
703
370
1521
1564
1128
614
1305
1119
2113
516
477
430
2292
511
1986
362
975
1104
1303
172
1900
258
648
90
768
96
1674
1290
183
2534
2452
731
2291
1516
296
352
998
1691
574
770
1285
1244
1130
634
2354
2065
554
2476
1120
2060
1102
2070
2393
475
2519
2046
332
455
1934
2154
1012
439
1726
2045
414
626
1497
801
1850
618
1668
1781
1010
2590
977
1663
822
220
21
2068
1109
2014
530
2189
2362
1681
2454
1393
1242
857
1231
2405
2474
437
604
2365
1864
828
1341
1544
391
2353
1826
585
624
2368
1144
392
860
1906
259
2588
955
1523
2077
1498
143
563
1219
64
125
1944
1784
1833
1612
1730
2242
1857
1115
697
2316
1771
2492
1578
1669
2356
1716
1262
2169
1435
1724
1366
1507
1799
1283
1355
1573
1309
1268
1370
6
1371
2598
1981
2314
693
1296
784
1364
2036
1267
1653
293
2521
457
1243
2265
1307
945
995
1376
2228
361
2062
1025
398
2377
1308
2033
1741
1278
944
1346
1770
1928
268
1665
1533
1192
1956
695
1606
422
2233
1717
1828
1729
2239
1067
721
1395
218
205
584
2283
1584
2485
1546
2147
1591
1870
1433
942
2249
436
1136
1016
1974
620
1214
1197
254
1940
558
1976
1423
989
1905
968
181
2028
1779
1284
714
2496
1640
692
1577
883
2054
1293
1299
292
2092
2149
936
2587
201
2403
1863
1666
1401
1129
1038
1380
792
2561
1388
1113
279
970
892
1677
1021
1316
1571
617
2420
949
982
1279
1733
1586
1486
1552
599
2110
1216
699
1092
1273
246
276
525
1424
2017
1627
540
996
1416
473
1139
261
643
2206
317
646
675
2005
959
1755
1670
2329
576
1531
2461
1786
2541
1609
384
1570
1718
1059
790
774
1532
25
503
2288
2467
1650
182
80
2453
1451
277
2171
269
2395
1475
908
306
1202
84
1369
1991
787
2121
1783
874
1394
1593
1382
73
453
2118
903
2333
911
671
1091
1752
2305
1775
278
661
2373
2180
1361
1250
441
2302
2444
1414
1359
2176
2095
92
233
280
553
534
1405
272
688
642
2150
2279
1196
1689
2471
2042
596
1077
1124
2258
2375
1483
1275
2465
744
1858
11
225
2157
386
1255
893
448
2272
42
2510
2398
1982
782
1106
2468
2081
847
1170
481
676
1452
2350
1774
1065
438
1547
2470
177
878
2531
1272
850
1947
2051
1951
772
1623
2506
1964
1168
659
37
1138
1787
1177
24
988
1803
738
548
2137
504
2508
641
321
1326
1961
2074
2097
876
78
1297
315
1679
719
406
1662
679
1835
2127
2434
696
2132
250
162
1345
2238
1975
1352
2108
948
1198
2335
1978
1767
2078
1935
694
1734
1580
519
508
1792
1028
1147
593
383
991
2343
1060
1574
967
1551
2278
1794
459
1071
1581
98
572
2320
1942
102
2337
394
1081
2198
2129
2439
1701
366
144
2422
1562
1173
2366
2371
149
1239
1898
282
2330
1066
2516
494
2187
2025
840
654
2463
1224
1295
1121
1340
2275
2546
138
1193
2050
2117
1719
435
1381
940
1702
309
861
252
1649
2383
286
1660
1186
1673
1714
844
1957
1258
680
2201
1248
631
769
2568
2032
2582
1288
489
2566
136
1814
418
1602
2027
46
8
997
2013
2552
1656
1101
2573
256
689
1083
1276
1223
2517
2231
601
2437
969
1229
411
951
1676
877
811
2031
2560
1001
295
1737
595
1804
1759
505
1470
2336
1518
1887
2400
2457
1939
880
1354
894
1604
1189
2379
1579
2518
1397
929
1487
22
2246
1422
1780
2416
291
249
1363
458
1682
1205
2520
931
1319
2317
390
1344
341
116
2428
526
222
1812
682
1374
2185
1808
385
379
2535
1330
2464
2089
1630
2384
2167
700
1618
1256
2358
2312
1390
570
163
890
186
1449
2186
2209
151
837
2216
1407
579
1477
468
1331
2082
2364
678
493
1837
1069
1030
1054
245
2412
2386
1043
2106
2115
2072
2039
2488
2360
2247
1954
323
400
1118
660
891
1153
2211
235
2341
901
673
1430
2433
858
2419
2404
1610
2438
2083
507
853
56
2232
1199
313
1997
55
2151
470
751
1002
1636
965
2166
38
513
587
2146
1785
1596
208
2533
1338
1797
428
952
1040
1852
2022
200
1587
2477
716
420
1827
1913
442
39
212
303
1421
611
2289
2194
1254
289
217
1294
132
1167
913
1045
1159
2553
702
1810
2523
637
2102
867
1442
2450
753
380
1853
35
113
1543
228
2119
1469
821
145
1350
2044
509
2562
2466
1817
1994
2532
2088
445
2277
830
28
1605
712
950
140
1866
2345
875
1542
1528
759
1495
943
1821
1620
1142
1183
1148
545
387
2251
976
2334
521
1511
1052
1126
2128
632
209
2006
2067
2484
1448
1566
1970
754
864
1641
1291
2361
980
594
1206
1738
1420
1707
791
1973
1408
264
1
1378
199
1813
1460
147
1410
1914
1482
462
862
226
2184
914
1554
845
1838
1712
2472
974
723
1432
2286
324
87
865
2507
464
59
1845
2584
547
1441
135
937
606
413
1599
5
1461
1463
1919
1635
117
146
238
1085
1575
502
2281
1086
733
184
2522
1686
1099
2245
2387
1428
1735
1453
818
1567
2227
1514
524
2162
2179
2229
640
179
2499
2591
389
1301
1809
484
1746
150
1558
1917
1831
2462
2114
2124
1306
2212
590
2261
2596
2322
674
297
1972
1481
2243
2469
1600
1652
61
1720
2318
1018
1419
111
2244
1782
1009
1062
343
29
1337
2342
2442
2595
650
270
619
623
2538
1036
663
171
1980
557
802
1613
1901
415
2004
1540
189
565
288
793
1041
1878
2263
597
1971
708
1252
482
1387
1161
232
2174
898
843
815
1795
2049
501
1882
2530
2230
1550
1274
2009
541
1150
1601
2294
1318
1332
1758
444
1426
1107
328
356
1763
68
2481
1990
615
2580
1313
806
2197
44
1655
1989
795
923
934
1418
1110
819
476
339
408
412
2030
1611
798
1705
2513
426
410
1515
1697
536
1200
2456
2578
1103
639
1207
939
82
1096
1661
1116
2037
2168
560
2372
2226
350
586
2236
1282
1768
578
1896
607
2545
736
1624
832
257
1525
2557
1693
2268
1415
2161
2139
176
2040
1639
561
2344
1385
492
807
2160
750
2585
805
2271
2252
1165
1322
260
566
1894
2426
1211
1849
1425
2325
1949
342
466
986
900
1740
520
2502
2351
2202
1247
1830
1946
349
474
1265
17
1261
1818
1456
2308
26
1439
543
2143
992
1064
479
1020
99
564
1125
690
2131
2063
2012
2136
1672
300
531
549
219
863
266
19
608
722
1654
1174
2073
953
518
491
2542
666
88
124
351
684
2429
114
1916
2359
1621
533
1860
656
2489
1967
1742
1215
897
2248
2221
60
2170
1384
23
119
510
166
100
48
947
1877
169
432
788
1938
1568
1014
2010
1499
2300
2141
1530
1349
2536
1203
2543
2257
922
1158
668
1796
1933
739
1232
1616
1175
1427
2158
227
655
405
213
538
881
167
2495
812
2514
283
1230
1264
1391
1236
71
262
1245
773
809
1190
2396
1324
419
1761
1478
2319
1493
2021
160
1235
319
664
1503
1383
1195
2445
2423
2293
1095
839
870
239
499
2223
2363
2090
240
1685
1353
2267
745
1921
755
2076
2415
1191
2204
1722
1883
1465
1644
740
2424
2554
735
495
834
1466
2192
1237
210
1188
1657
1472
2475
2490
2094
1149
1485
780
1615
1510
1180
1157
2016
1080
1039
598
14
1328
926
638
1304
45
161
1171
1790
1108
514
1026
1155
312
758
1004
1484
984
1491
1135
2048
1777
1541
1023
2100
1321
1820
2459
1999
1409
987
829
485
164
2500
925
500
358
2213
2551
305
2599
2298
1865
2253
1089
2182
1386
1696
224
1739
195
1506
397
1563
1910
1489
972
1112
2266
1169
129
2254
2526
990
515
52
720
74
1680
2085
635
1513
610
1728
331
1886
178
852
2163
2112
1694
2388
1998
2018
1185
1977
960
2575
2264
1559
1832
1834
1163
542
2284
0
1959
1097
2029
961
1955
726
1569
705
110
1953
2348
2071
1861
2183
625
1131
10
446
1922
424
1772
2053
568
155
1736
197
376
1996
483
2116
165
999
1727
472
154
1162
2417
715
1249
2498
1468
335
399
1713
2
1450
1805
1090
885
523
2529
1037
2199
53
133
899
1703
2390
1093
752
137
126
711
1073
954
77
2020
1022
229
2123
2491
2307
2041
645
804
1634
1893
2367
2125
2240
1143
33
1744
393
771
1918
1373
1920
1721
868
927
649
294
311
1842
537
1872
298
2241
40
2549
1526
156
963
374
1553
2443
1315
1585
743
1873
1762
2306
417
2057
1508
152
15
1011
1868
958
2007
2503
1890
734
1246
546
539
1590
1212
1269
2572
1233
1298
918
409
567
1709
737
1402
1629
1445
236
1594
2559
2555
1638
2448
1137
285
1846
2432
2593
552
1911
1152
2259
2002
2026
273
1509
2273
1360
2410
1854
957
1925
2594
2107
1156
854
1084
651
1436
326
1019
109
1336
2011
2208
153
1895
175
838
2589
1017
905
1751
1732
1992
325
247
1111
1260
747
194
1403
851
416
1725
2323
1715
1888
1915
2138
550
2524
1527
1179
307
334
636
354
234
1454
993
1675
355
142
1007
49
13
104
359
57
1473
1251
764
698
348
2418
1496
304
2576
1438
159
2460
429
2274
1187
1459
423
1851
1538
2509
2567
2172
1392
454
1874
2592
148
1966
1692
2290
785
2440
1015
120
1302
2401
1760
2512
318
396
701
2059
1049
842
