887
2254
2262
2297
2199
252
433
2326
426
2325
1943
294
1120
1719
1441
671
1879
1221
2597
301
609
288
1308
1777
778
268
2125
1091
1020
203
656
148
1021
998
205
1148
171
9
966
107
1078
1476
5
1862
1663
2405
557
2321
2290
2065
798
600
1438
1823
2398
1746
818
111
2019
1588
1150
2430
39
1418
638
1293
2515
918
1720
2550
1402
1814
890
1997
587
2192
2226
257
538
667
1227
429
2437
1335
1082
983
2005
199
1635
1158
1537
1938
2471
357
459
2456
2114
1139
1006
560
312
2107
1973
936
665
1704
2021
1792
1164
1513
2442
2482
828
2280
896
1324
2244
903
552
2094
544
2570
1449
497
1836
631
14
1887
1303
1996
1652
247
2243
1373
736
1714
954
2087
1198
1797
1667
2022
202
1580
1512
2347
1825
797
138
549
1566
54
2147
1661
1821
1711
1539
1473
1133
1243
883
2185
2062
150
239
1460
939
2003
1949
1875
162
1184
1760
1376
1280
516
486
1817
2538
837
2494
369
1655
2364
705
1781
2221
2238
16
482
1281
1306
2513
1103
1268
471
2124
466
2091
1039
1228
1894
864
296
1236
1414
2389
2594
349
2156
1290
2423
927
49
510
1687
1789
146
381
56
1415
337
1087
2196
919
915
1552
50
608
748
10
1132
741
1568
354
1861
1462
834
378
1856
543
261
617
597
1102
1516
2394
2446
992
2277
201
687
2537
838
929
2384
1422
2283
1717
1157
695
604
2268
1193
159
417
2132
176
2529
1829
2332
490
738
401
2194
1998
842
1805
594
2030
845
996
980
1250
1893
603
2477
1361
2448
2058
2409
1107
1241
551
267
1807
1653
1260
1068
2200
343
1187
2378
73
973
840
153
2130
2519
859
1646
2034
569
422
173
1453
2068
2504
1775
1983
711
2497
1605
1427
1542
2512
491
2336
2154
1533
1969
2346
1495
1830
2102
1249
2120
1607
686
1560
2040
2044
100
899
524
1908
1356
2449
90
110
1946
2099
501
2043
850
1928
942
160
724
431
1519
702
488
1934
669
1608
2587
861
2509
2159
1387
574
1434
2391
273
167
632
2565
317
961
2041
706
2552
704
2367
2333
144
1828
2319
2089
231
272
962
128
1859
2476
1838
1994
2191
1289
133
165
1358
1323
1784
1874
1752
367
1987
746
391
1090
1598
952
2273
24
1890
941
756
518
1579
124
2452
2115
1785
868
964
1254
1115
2542
2072
1851
2436
115
440
1986
869
2008
879
1159
1730
1991
995
590
1818
1092
759
2416
43
1881
2304
1076
2080
2439
1883
805
48
1218
1425
641
1798
454
662
938
537
908
1748
262
1195
483
2361
1371
728
1718
1051
2345
2161
387
579
1284
739
1287
1691
2410
2562
1204
2126
304
2419
264
1017
1013
1559
2377
1199
105
1978
1155
1455
270
963
1350
2330
503
303
2521
720
874
539
565
1502
678
76
1245
347
1440
1660
1982
710
1839
244
1417
910
65
2246
2548
801
1397
413
1623
2168
216
1479
2172
82
1708
948
652
2443
1365
615
1088
545
210
1571
766
161
1080
2071
1506
2209
1595
2205
1233
663
346
419
675
1511
2414
1603
2479
2313
2339
1393
1796
2036
2302
2358
1703
1089
727
1761
2599
679
1999
2586
125
1276
226
1527
2564
1670
2105
531
96
2025
331
2134
1489
690
975
489
51
320
410
1555
336
1407
589
444
1900
2264
407
835
1100
2201
1563
1046
886
395
2458
436
1337
2212
1924
2551
548
411
1189
1261
1952
1846
765
1787
1278
1734
137
715
2140
2533
451
1465
1161
1444
1420
2331
412
1071
1114
265
2387
578
567
999
228
1882
114
2547
441
1749
1769
1937
1957
1873
830
30
821
2131
2035
2276
1054
2017
2163
99
415
1413
1843
1143
2295
2195
1763
1075
1359
200
2474
1554
1104
753
515
2528
1063
1582
2316
745
1940
1751
846
2293
2256
1
950
981
672
1372
2222
2015
1790
154
1005
2362
425
151
988
917
57
2266
474
1317
1421
1328
884
74
844
642
2289
1388
717
1930
960
2241
215
2385
71
2190
946
2137
1212
2301
1656
540
2350
2006
443
218
2576
80
327
332
2139
564
1942
526
568
1675
1695
2532
2473
2561
1392
402
2524
670
1330
1586
1529
1464
1484
1275
820
554
227
116
1967
2175
2472
386
157
1166
1251
920
2569
2077
1147
55
1485
1130
627
993
1044
93
752
1669
1545
1217
492
84
1395
2418
1891
2206
1532
511
135
1053
1962
1312
126
60
640
2076
2067
2133
1616
26
1933
456
2412
134
945
2291
1974
2136
1523
1678
2351
893
2233
760
1045
1904
1298
824
225
1641
2039
1096
1494
1546
1216
2002
1853
1799
1650
876
1379
1445
45
34
434
1128
1368
1848
636
2037
1995
2393
674
1503
1247
1327
2539
348
694
2433
211
1454
1007
1958
1174
1880
1111
506
1452
2081
985
1620
1648
1609
1865
1597
204
816
2184
2145
47
2484
1117
514
2429
2263
1826
2219
2236
453
1229
1742
449
2086
1614
1443
156
121
529
1146
467
654
722
1173
2360
1713
2119
1524
624
1956
1325
2
2566
276
1002
982
2307
178
2511
241
1662
32
815
2146
2176
1498
245
1723
189
2240
179
744
1019
697
570
1885
1123
1220
1207
943
281
27
104
1352
448
280
403
496
750
625
1291
68
385
1346
916
577
655
1383
1225
480
485
533
1315
2424
193
643
800
1167
1548
1611
1536
1783
323
1168
127
300
2349
931
1477
1097
2598
1606
7
1692
2574
2354
1681
224
1574
637
1916
888
1791
143
1556
2483
629
1042
1615
2417
2318
1067
2093
1674
1947
1062
1906
2462
142
229
905
1034
793
2113
839
1205
723
315
1257
31
776
923
1565
1463
20
1112
2468
2543
152
2503
1832
424
316
2245
812
1521
1768
305
764
279
499
2402
1541
2255
1872
1182
1363
773
1772
1732
1061
2083
1800
1475
598
2298
1466
461
558
355
289
1037
1014
977
2563
1009
676
1951
352
2461
2211
1069
799
78
1065
1401
935
1758
326
1272
688
1570
1645
1551
1959
1265
1036
1192
944
97
442
1961
1165
719
771
432
1794
2178
866
1190
129
522
94
328
2056
1141
131
1468
2182
458
360
1575
2088
634
1834
1747
1024
334
219
1396
344
1980
2320
1841
1239
614
1677
2187
1741
2169
353
1583
2271
1222
904
1385
1043
329
37
2123
2488
1685
795
318
2101
379
1911
1743
1976
994
475
1224
968
484
2518
498
297
2571
1406
1835
494
602
2118
885
646
1492
2337
1504
145
2078
2343
130
1144
2306
112
2282
1801
1038
1277
2496
2063
747
1472
881
1263
44
2203
853
1690
1593
1679
1640
648
230
2404
969
147
794
984
1197
2324
40
457
660
1813
796
734
907
2265
166
1432
1480
721
2288
1246
1724
136
1686
430
1256
1269
749
701
2117
117
1693
937
319
871
477
621
517
2372
2247
2023
2573
1305
1950
1482
1774
2486
2501
15
2356
956
911
1639
2480
158
2589
274
841
1526
1569
2284
1064
2431
185
1027
122
645
2079
405
2135
1026
1033
1299
2498
1550
1384
364
88
2095
1001
1602
1990
123
1833
1496
1326
1467
95
580
781
867
1170
473
546
69
1518
1737
1121
1919
243
651
1331
1619
2294
2382
414
2560
1966
450
925
2502
409
2341
478
1647
1870
175
831
217
235
1310
1018
177
286
1390
132
668
2138
1041
974
814
1637
1543
897
1070
170
464
108
240
1135
1871
1145
700
2234
1127
1262
1557
1728
389
2531
1665
2274
2400
1108
1321
1715
2111
1561
2193
140
772
2340
2279
1292
2057
1153
644
1470
1219
1776
1300
1827
206
1098
2047
1162
1581
2535
1971
1004
829
1534
2595
1868
2052
1535
972
1538
1353
361
1618
1232
2142
2144
743
1819
1177
435
321
98
1920
246
2467
2591
970
269
102
1297
768
703
1238
2328
2526
930
2216
1313
1332
192
1738
1059
6
1517
1490
855
1945
1643
635
1079
2029
1636
306
2097
1863
521
2555
1404
2189
2453
762
1929
2463
2259
650
1731
1895
1694
588
2438
2413
2583
1753
46
1589
2303
1572
787
1012
416
1211
1721
2020
1172
479
2459
18
2075
1253
118
1304
1852
445
285
777
1778
359
2251
1816
2525
1058
2235
1481
1509
1773
613
283
1338
2237
542
1334
1200
500
865
33
2425
309
213
1931
1493
1340
373
2323
1389
2149
1448
857
1057
2031
1240
751
1215
4
2590
1248
2352
1507
987
712
1288
520
519
120
1907
2116
197
1471
1194
1596
550
986
1175
2445
420
149
2096
1676
2505
2151
951
673
1183
601
2368
1684
1505
1979
1782
1659
87
1345
2383
1918
1118
1709
677
1181
1366
848
2252
375
1320
370
2493
1857
2121
1948
1547
898
1668
2426
914
345
1296
468
2128
2395
1419
1592
1860
1981
1960
682
611
1378
2166
1074
62
957
1274
1137
1530
2338
1433
1923
1409
1456
2305
2013
2500
2218
2299
1599
512
2487
1764
836
581
187
271
1214
1015
287
2527
2315
547
585
2027
1400
2353
2112
2050
2014
35
979
1795
188
1630
1459
222
692
330
875
63
91
1888
807
1344
1347
626
363
1604
822
555
1510
1576
1897
783
607
1056
1457
2415
1083
2308
481
1725
1590
1279
1160
1270
2317
421
1436
163
1342
2388
1446
1525
172
2228
141
2292
311
2428
2465
2457
2215
2335
1710
377
2386
2046
295
1733
1936
1203
1110
258
1808
726
863
2069
2363
293
1499
1716
2092
1585
1152
813
282
2314
847
1105
1094
2024
1744
2098
2152
2522
991
534
19
2281
1073
1628
1809
606
1739
698
2160
2051
1259
1124
1047
2454
221
1429
2541
290
1762
990
1066
13
1876
1341
1458
1508
1491
1439
291
858
1367
2549
1688
953
873
439
1311
1788
2530
64
36
75
1683
1558
1953
1131
1202
1355
2371
2322
41
2153
2580
250
804
338
1156
1049
1528
1970
1939
586
770
2272
2223
101
313
462
1375
1767
1705
1927
2329
2157
1266
1285
1649
622
1374
2054
811
155
1348
571
680
2374
2060
833
2523
1736
1707
2584
83
2593
2055
785
2568
2506
763
878
1271
1109
70
880
253
1055
1138
1030
1935
1149
1638
1052
2267
2578
1902
2581
1573
2366
737
2556
924
1803
2016
1474
913
505
2059
1186
2489
894
233
2510
709
1984
2441
339
1362
1849
1993
1696
2158
714
208
1657
2365
509
595
852
1223
248
825
623
1884
392
164
2427
2553
25
2073
1680
2186
1394
223
2460
1450
576
530
696
541
66
1032
350
81
292
8
2143
1712
2053
376
1343
2164
1726
1234
1369
2575
174
2285
2249
85
780
1031
2042
900
22
591
2012
1766
1722
989
1858
1180
1267
1567
1626
1451
1336
72
508
1486
1905
630
119
1591
754
28
1113
21
2380
2557
1442
1740
2469
1206
2129
1896
901
61
1755
1106
2090
1658
1318
1842
1932
955
527
212
365
1944
1644
513
2253
1252
1682
103
1307
789
256
1915
2286
1941
408
1028
1483
573
1188
940
38
1806
729
1867
2585
2165
29
1185
1349
605
358
1437
1301
2401
308
2232
2007
639
2381
958
2534
2177
832
620
183
2516
708
232
1116
2001
196
2224
2434
1282
1191
1922
1544
1921
788
1549
2230
782
684
849
1877
819
2375
404
2242
1329
575
2270
633
2085
1562
495
2009
1587
892
532
761
1992
2577
1226
1286
1424
1514
661
1926
718
1478
1179
504
909
769
79
2084
583
1770
113
470
1754
1410
870
1242
86
843
775
1515
366
2348
802
2162
791
1294
823
2327
2250
1651
322
1909
277
619
2204
1151
1850
1866
566
1023
1522
2435
2122
1706
653
1129
1264
423
236
1837
1314
657
1845
186
1553
1757
1878
1171
2492
1964
2183
2357
1671
406
1824
234
1430
2379
1273
2490
693
2269
340
733
1497
2181
1095
1654
1099
2150
1398
1812
2520
374
1447
2261
666
1295
618
1488
658
469
699
1864
1255
1403
2420
465
463
2567
2064
2369
2421
58
89
1309
2070
67
1540
1208
1520
2408
2011
1810
1060
582
1140
1134
1910
1010
2174
1612
2257
2559
934
394
362
1745
214
1727
1955
1142
523
1756
563
1624
1209
2334
2026
1617
169
1081
612
809
418
2310
1101
1972
1235
1119
2582
1501
2403
2000
767
2038
1085
1428
1386
1914
854
396
1633
1408
1077
1664
895
1000
1811
198
1634
2444
1780
2466
1689
356
2048
1820
2202
1831
1965
1954
254
2544
1600
17
180
1985
2450
535
1412
2390
1632
2018
238
2558
2103
2300
592
476
2045
11
872
2312
851
536
298
932
2376
732
817
572
921
2370
786
725
912
1917
382
1333
1072
2411
2540
742
2214
2536
1912
1435
1610
455
263
2258
2173
2422
77
610
1351
2141
2572
1925
1084
351
325
1426
447
716
965
1169
784
2396
774
302
184
2155
1176
2109
2397
2213
928
1357
398
278
1700
1029
1977
2188
2032
1025
310
2517
2127
1889
372
1302
1531
647
731
862
860
649
1642
1578
1011
2110
2554
2100
1759
559
976
1886
2342
335
191
1771
1154
1364
1339
1487
1975
713
2207
299
106
561
2491
507
1381
324
616
599
393
388
1377
2481
1697
