1750
2103
852
309
141
1201
753
403
1282
1015
892
1731
888
289
673
1085
2295
2282
74
159
1147
2414
2485
2070
1927
663
2199
1086
1193
210
961
2448
84
1056
2564
942
992
1787
2511
1185
2470
2124
2246
1684
1700
231
347
511
2444
1696
387
1131
320
1695
116
1765
18
1885
1363
112
2455
2234
1414
348
1770
1002
1935
2010
934
1499
2450
1785
2092
432
2563
315
2366
1988
1977
1336
1113
1213
628
2228
898
2276
2597
810
1255
2254
1615
1178
2355
2112
931
1733
1402
1710
723
1824
362
34
365
2596
199
1077
1527
2290
2020
1946
1962
162
1725
1284
1906
77
698
1419
2177
2168
166
713
2165
972
635
901
1940
893
93
1658
1495
2298
2142
150
1415
2093
1526
2236
670
2183
481
2011
819
2076
242
612
1272
321
2416
2013
1258
364
1447
1144
1654
2480
1948
2151
1068
2590
1746
501
1235
1842
271
1451
695
962
1729
674
1694
461
843
1348
1216
2467
1357
1325
1712
777
1033
2077
906
1878
1884
2104
1362
2342
1060
824
2215
2226
728
1915
1875
205
1076
1956
1239
1280
2265
2598
246
99
838
308
2546
2073
6
1559
1177
2002
1903
2281
872
907
429
519
2164
1023
2211
2312
943
2527
1870
171
1245
2466
1417
1571
1263
2019
1220
1743
2297
117
1833
2372
1740
1289
1392
2033
2072
107
548
2023
1191
2558
565
433
2205
421
2172
709
2128
1656
1416
1780
1176
14
682
884
1631
1020
956
1338
1588
1853
305
2562
1189
748
1841
442
293
834
1488
873
1542
2427
371
828
255
346
1745
1720
2291
1311
1997
885
1233
580
35
188
29
193
475
1062
2074
685
2328
536
1692
2125
2361
1410
1821
722
1663
2315
424
1028
1518
351
1489
1200
2043
1375
367
592
1099
815
2547
396
1420
1412
1681
1534
1250
1829
667
2081
2257
460
836
1896
487
2094
2126
642
2523
431
495
1689
2056
1668
1491
185
2494
2338
1713
369
227
771
2358
1628
1204
2278
2422
1209
21
576
528
446
380
1141
966
471
1620
1931
1779
2079
2175
1038
1492
2302
1757
2545
1309
459
2440
426
73
1046
692
1327
1744
1676
894
2337
1815
1724
2200
881
398
2288
2031
531
2232
754
1707
862
706
9
1432
1690
1231
1478
2585
2537
2491
2326
130
370
229
600
2262
2570
1535
372
239
384
2247
1043
1266
2571
76
1032
1536
1882
1613
971
1942
603
769
108
1933
1485
200
1505
1027
126
2483
178
1874
529
195
1672
278
930
1660
49
1079
237
871
0
1881
477
41
1181
1756
179
1036
640
184
773
1758
375
1172
970
2036
1343
1421
2400
2000
248
2501
515
895
1858
1532
2102
275
2515
2188
2058
1040
1431
1909
1989
191
252
1083
2565
2267
165
1540
2403
1929
1065
2519
1548
2122
292
1100
935
1121
912
2476
825
46
2220
1520
1050
2251
1917
2141
2032
975
1092
693
1237
993
593
683
2249
1300
2301
1411
1295
694
325
1323
2311
604
2548
2437
483
359
1275
1607
760
533
273
1735
546
1008
456
1773
2210
809
119
234
114
2543
2107
1324
22
2059
2294
2364
502
1145
1508
621
1614
678
2508
28
440
675
427
1438
1097
2347
1937
1974
936
867
701
1187
2118
447
91
2045
2391
251
2190
144
1150
202
538
587
1234
928
1301
887
153
124
225
132
1794
1353
1577
1767
1373
1142
2576
1129
1537
776
1887
2263
472
1399
1916
406
1479
1595
2488
377
297
877
2431
1922
676
858
983
1459
1063
734
2057
2375
2320
832
1727
1401
978
65
1011
811
1563
591
1466
444
1268
1061
2289
863
938
240
2078
1587
1983
36
263
2307
1545
260
1664
1516
1453
2591
221
1768
829
1786
496
1693
1553
2535
551
1072
2542
486
919
2462
4
1901
2363
1969
1091
1146
1274
758
822
781
266
645
1164
1475
2406
2454
664
1585
1288
1730
230
2331
2387
523
2433
2504
57
2568
392
425
1299
1408
1397
2577
1010
1174
2477
2555
1223
598
183
1044
995
78
1212
2397
1584
1026
520
1152
1389
1059
582
1798
2285
2061
2336
1549
2349
2378
910
1996
1576
1578
2556
1376
27
2106
573
1755
455
807
245
148
2299
911
651
1645
399
2348
1477
2323
945
2407
1764
306
2415
746
607
54
1822
847
1330
1999
1140
2086
186
1312
1333
2283
540
1959
616
705
206
43
1378
2402
963
864
385
1303
1522
1022
64
505
1130
1630
1921
844
448
804
2222
2482
937
95
2136
687
203
218
1291
1777
497
1190
738
525
1445
1153
549
1118
2334
1835
415
1165
61
761
1558
204
1360
2419
167
1101
2064
932
310
75
1249
833
1394
1669
955
1557
1246
1247
1721
1057
1778
1460
190
10
850
2321
626
742
2171
1741
1918
813
1872
1406
388
883
1320
671
508
98
1238
13
72
778
1923
2362
1487
2303
507
357
2421
412
1515
857
2084
1651
1149
1914
157
1214
2085
1273
787
909
1688
1964
827
2139
1391
2373
2292
2170
2382
1867
300
896
342
737
535
1069
780
1502
274
137
397
2206
750
977
1818
2042
2240
2579
389
1400
2090
467
2149
1306
1517
189
994
383
1611
1804
2424
2216
1098
2115
1469
1407
1365
344
1605
1080
2335
363
799
2083
1368
1029
1341
1192
543
2066
2456
1470
949
866
2420
785
1167
2553
2316
2540
2202
1891
1493
1055
335
2160
1523
1876
759
2446
1196
2097
874
1968
1261
726
2174
648
1671
2208
1749
2065
494
2119
1857
1978
923
2428
649
1163
1925
2207
1806
605
2369
1422
1602
875
2015
2038
653
430
1945
2204
1490
1017
1708
537
823
2024
2365
2233
1462
318
1586
1370
2155
586
373
1687
721
1632
924
1053
1180
1831
1541
808
2080
2146
1702
2532
17
1904
1390
553
294
805
1473
1329
560
791
752
820
257
2575
1427
1054
390
2293
1649
2091
530
105
349
2509
699
539
2178
708
2434
341
1837
2277
269
504
2014
1543
2197
2256
1953
2044
219
1316
795
999
214
2261
1103
2005
976
352
987
1381
1963
1018
656
1248
2495
1781
62
1345
2350
1262
2239
704
1873
338
86
1828
1009
139
1610
915
767
1839
2441
2008
1697
1930
806
2209
1439
2583
1279
268
940
929
2587
643
2510
2049
2105
890
960
474
1398
1589
1379
163
1052
1270
488
407
1122
700
1879
58
979
312
903
394
1278
1030
285
1203
1762
2158
155
766
1442
2245
156
232
1551
1662
837
287
506
2557
1175
1554
1403
2573
2443
1738
2459
1539
2513
2179
15
299
1751
2393
247
2148
1775
2505
2041
1006
1862
140
1251
258
964
1944
1313
2528
969
1
1229
1265
802
452
1326
609
158
1219
951
339
2221
1606
2071
174
1816
2525
1524
2268
1383
2447
1434
1512
1435
2111
1817
2192
52
1269
1426
1496
2468
118
264
1905
2499
878
2500
2339
623
913
1037
59
764
8
2304
762
1088
2264
368
1864
974
1154
1704
1709
1346
1800
1860
2324
482
2413
1276
2154
1799
2371
356
2502
366
1871
88
1840
2469
123
610
1111
175
2244
2544
2518
2539
2384
1199
550
927
1546
1501
1286
800
2465
42
1590
181
579
998
953
1803
104
2374
402
2176
1510
853
33
1594
503
81
1560
757
207
1455
611
2275
2396
1480
410
2143
327
2327
1525
1797
715
707
1000
1513
449
136
620
821
1603
1823
1966
1703
450
816
2025
733
2517
1463
1256
314
2512
152
1458
493
1157
1267
1217
1612
1257
2353
358
2581
115
1722
1979
790
1682
958
1337
354
1227
1807
718
989
220
2529
679
1260
55
1848
2132
2098
284
238
835
1437
1544
1503
2479
1448
2027
1855
350
20
1317
1457
770
2296
2496
2187
441
1701
133
882
2592
302
1790
1897
280
111
393
2198
1934
226
2492
617
1820
2227
680
336
2388
848
1207
1377
900
1912
1716
303
1791
1900
469
463
1039
228
1980
1305
1898
743
1569
554
109
331
1244
1106
89
2380
2016
161
1001
712
213
636
1120
265
470
2067
1328
1666
590
655
192
1169
2473
1926
1105
629
669
2381
244
1025
2317
445
1259
286
1742
1004
328
2429
1952
405
574
755
1529
2166
638
641
608
2274
1210
1441
1067
1035
1224
1555
1465
1685
2150
826
1166
619
614
1706
618
650
711
1889
106
110
480
1636
1504
1581
544
2101
2284
1538
1599
2351
2237
1483
1007
627
1638
2153
489
301
2248
897
1894
639
154
2217
419
1387
438
789
1136
2060
557
1404
1507
1776
2520
1405
677
985
632
2522
917
666
1789
599
1718
1911
1049
1796
1474
891
281
80
812
2409
646
333
103
1698
689
1134
134
1583
457
2359
1846
1041
855
2425
880
1973
1938
1863
570
1941
990
2318
559
272
1965
223
1318
145
2116
1108
168
859
340
1665
2035
730
1183
1509
1137
2472
96
146
2266
1047
434
1808
2445
2516
491
1308
556
428
2330
2435
208
1168
1801
1566
841
478
1484
197
1139
2536
2438
1865
948
1418
2531
1653
541
585
2133
818
2269
2271
2006
250
571
1500
1322
1013
555
420
2201
564
509
567
319
361
968
135
1102
2475
1359
1717
690
125
959
2048
1877
1949
1461
739
85
1995
1568
147
2423
2252
1425
343
1292
1151
1206
1294
40
2436
1148
1271
12
2567
122
1241
1369
1358
1084
965
2169
2193
1932
1570
2022
1575
2117
1836
217
1197
1494
2586
401
1533
925
67
1802
814
2099
1254
127
933
2426
2196
416
1184
876
262
1618
581
1497
1132
177
83
922
1228
1424
439
1195
1819
1772
296
1225
256
2412
1967
1813
1769
1202
740
2566
2108
793
2410
100
1852
1985
756
1719
45
2376
1913
1711
1232
2530
1883
775
332
2561
97
209
1423
79
952
1243
1287
479
1073
510
2212
870
2506
2524
947
1296
1242
997
417
2325
1156
725
1182
87
2
1652
374
1621
484
1845
1691
1014
2471
856
233
840
464
476
283
2241
839
2490
1564
102
38
1252
1971
779
259
845
261
1179
2368
1331
151
914
473
2329
60
991
222
1723
1003
2300
1619
1452
1580
2552
409
2231
2521
19
1847
1888
2451
2270
1890
1298
854
2130
1987
1644
1596
578
1562
70
1476
212
1992
1657
1290
613
1574
1042
2184
1920
1519
1573
1285
291
2068
944
290
436
2389
423
668
2173
967
904
113
1107
322
1637
768
196
861
2481
710
957
1561
2554
270
1087
1428
727
11
2021
2163
2394
2129
1625
772
1998
2340
1604
1634
1958
1471
622
2135
1045
2144
236
1550
2589
941
2408
2052
1127
1629
1633
1826
2514
1188
295
1194
1814
597
606
101
563
211
1947
355
1954
1678
500
2306
90
569
176
2127
566
2430
1661
784
400
353
1951
39
2332
2398
1899
1094
2569
1783
908
1078
1528
1205
276
596
803
1215
1315
1393
731
1374
1198
2191
316
1314
1950
899
1034
2313
241
1482
672
2100
719
2235
2399
386
50
1622
1556
160
830
1868
831
47
2541
453
602
1119
902
1024
630
326
1647
1051
1752
2474
1446
1760
735
2319
1208
1582
1880
129
714
1443
2360
2341
1843
172
654
2186
2314
1090
527
1737
2345
1506
1856
657
744
53
413
1467
1849
2280
2305
323
788
1158
2379
69
1021
1598
1356
2322
215
950
1774
1104
170
1159
194
1211
2507
1096
2534
2286
2017
696
1859
216
688
2442
249
1530
2131
1367
1943
2549
48
552
954
1732
1635
1771
879
1593
1361
765
860
288
2203
31
542
1677
66
121
786
1957
1680
2478
2260
2189
1854
1567
462
2157
1302
1739
465
2309
56
1986
1624
1866
1667
1982
307
774
1307
1552
1810
2055
2218
2195
2354
996
1347
2405
2401
1019
138
1936
532
2367
2082
304
1109
1066
514
382
2018
2457
1795
173
1907
1281
2001
2185
577
2050
378
435
661
2214
1670
1464
2498
1591
741
905
2225
2404
1123
1601
1456
984
2213
783
485
2272
545
1126
1753
1650
517
2386
920
1984
633
1486
2037
516
282
1297
2377
665
2370
2574
1382
2069
1162
2352
916
5
2582
1754
1991
2219
1955
2390
749
2243
512
1143
1673
30
1893
2009
7
2180
1600
1761
1064
1450
1763
2123
1110
1349
1627
2028
1531
1919
729
2484
329
128
279
524
1939
198
337
1902
1304
2308
684
2026
2012
717
381
395
886
584
2452
1093
797
2138
981
1388
1892
1834
1332
1850
2194
2493
2159
2230
589
82
2062
2449
2559
224
2095
313
980
625
522
1396
2497
865
1759
658
2588
588
849
1355
1736
2595
2087
1993
131
1160
1616
164
1851
2356
1138
2489
1782
1319
37
2003
1646
437
311
644
468
458
142
1081
631
691
1838
801
1498
1354
1734
1869
2392
2432
2551
1648
1334
720
946
1236
1976
518
751
1640
1468
1124
404
1170
1321
1384
1674
2526
1481
2255
2486
2054
1609
1928
2417
1659
1827
745
1908
1766
615
1812
1972
792
2572
1715
2464
2063
1386
1048
846
889
2344
182
1643
2039
2109
2599
498
1340
2594
1597
1335
1344
2113
499
697
1350
681
2029
736
561
1116
391
149
169
1994
1675
1385
2114
1832
2411
1861
732
