1354
2172
2372
1508
729
789
1366
998
1272
2390
2266
624
550
2122
1908
1246
2178
1460
1507
958
603
379
805
2381
1501
1481
465
2305
786
111
1953
2151
900
755
1631
1849
673
188
2529
278
2271
426
1700
1113
409
1986
863
210
2392
2140
1985
207
2096
1873
1966
2345
571
119
1609
1722
1402
1676
1114
470
462
1977
852
1801
799
1151
1473
2370
2319
2015
1797
1859
686
2139
930
1341
928
408
1209
2391
2046
170
106
2254
2256
1520
2476
1584
2488
2317
1970
1661
2262
681
850
155
1284
2558
521
2238
1328
690
1313
1358
1931
356
1580
335
1307
273
367
1978
48
38
2065
1311
1633
1688
1917
2081
546
1547
1545
1131
853
2208
2185
1149
440
2380
1197
1005
655
1017
1482
976
931
428
289
21
2515
2468
60
358
982
1120
1261
2037
1112
1614
1109
453
1987
452
1409
1323
822
1909
1762
1256
1356
378
166
476
1300
1292
2044
1372
1425
1601
11
274
1078
924
1166
1453
1683
1518
1345
587
1776
1936
368
2335
2486
2221
400
2427
731
926
373
1418
126
1582
2400
2123
1299
929
1152
2175
1829
623
1084
1330
2546
2459
1767
1721
2557
1971
180
251
2252
2444
370
2020
152
255
616
712
710
222
1082
2430
2388
542
2410
2016
610
1322
2088
1350
1099
2049
1773
337
117
1774
1181
1228
2363
1429
2302
2230
831
2250
920
1378
674
1623
445
2253
1216
677
2466
1538
640
1333
1035
714
739
986
1976
2218
1503
2299
87
1367
359
2173
2548
2298
2452
461
1235
1991
383
496
1
2182
1156
2441
1009
525
346
1334
614
1845
2437
836
1007
1844
29
1811
241
115
1123
2556
2504
1835
280
385
120
1073
130
949
657
2007
1286
99
1349
1794
2010
601
1030
517
1258
857
2394
2082
226
2572
2439
1562
1857
1369
1995
1132
574
808
631
103
844
1215
266
2196
128
1317
2308
1704
1644
716
2206
1413
596
37
46
907
1611
2560
856
2573
1565
371
2534
2031
1851
1455
1904
1757
1699
1028
1662
2563
503
2019
871
1585
86
311
497
1022
2158
2357
2274
773
1498
1958
1821
1389
2106
2294
284
1791
1617
855
1036
1386
432
1134
874
307
244
1070
532
310
1932
1825
1653
954
878
2150
978
2473
416
1304
522
1952
1465
1681
1925
2209
1583
49
514
1872
887
1555
2058
536
2144
1271
953
1163
1697
196
1792
2324
1472
898
2195
675
2326
441
2112
527
800
192
1421
2166
442
112
963
2356
679
2426
518
553
1858
688
1595
1359
1475
472
1002
1703
2296
2064
1864
357
1577
1164
2320
279
2395
1296
2512
1937
2524
1126
2048
1736
1089
2562
2312
2516
455
2491
2568
2408
2346
353
1018
167
57
1927
2060
239
2521
282
1083
692
1899
1948
1499
505
1919
1730
58
1706
1144
670
1940
2156
1365
660
1091
762
1820
2000
399
2193
437
233
164
1172
559
1550
1222
2382
147
1468
2228
1031
2416
1066
1551
2126
1941
1110
150
1153
277
1720
1836
2453
1053
618
591
1281
927
137
792
2242
1990
2115
1456
552
833
760
671
761
1902
1640
2365
1813
1803
1064
2316
1213
2325
787
2332
434
1090
1869
2200
1023
829
1015
1511
1309
2243
1887
212
2165
599
1715
1747
1495
2460
1741
1814
143
713
1102
1727
265
835
1219
2157
1965
2479
1280
718
715
1842
1922
1956
772
1897
2309
826
1206
600
2201
6
860
1667
1474
397
1751
2101
1871
812
175
2469
2412
2499
1983
1449
1185
947
198
1785
2425
2355
1154
3
2423
480
1679
705
743
1714
211
83
916
1809
2440
1663
948
375
217
1660
1388
1513
1930
925
915
1881
2386
1516
1001
937
351
1600
1069
1624
678
1788
696
2598
168
956
1793
1826
223
2038
969
2330
1964
2590
1972
2148
1674
68
318
741
590
204
2378
2057
1408
288
912
306
1016
96
2311
1880
1506
1981
2161
2398
1314
1618
2564
634
1489
2236
114
1694
1263
1124
26
382
865
2487
205
2265
1038
2359
1448
2328
1739
1961
1065
1893
423
332
414
1220
2315
1259
2104
893
585
1165
1885
1744
1898
1886
312
1161
2342
2578
693
67
104
1424
1929
1430
694
562
28
191
515
577
1274
1713
59
1765
669
80
1564
298
1992
2323
2002
2360
830
2327
2029
752
630
2569
809
146
1188
184
194
1810
1594
1718
911
500
1336
1122
315
1882
443
2313
1643
1118
2304
1075
56
2422
267
1096
1768
1891
639
20
2120
1332
336
806
160
2375
1772
1146
2231
2458
1725
2239
1645
2530
1125
1100
995
659
1989
287
2292
2063
2467
360
513
2494
2004
1693
1889
1412
740
69
654
1106
2591
182
2055
1613
1074
609
794
1979
1267
1963
1802
1227
847
349
294
2260
1938
2418
352
1335
2329
988
1798
1648
895
1586
2413
2500
1840
2079
479
334
229
604
2105
2350
672
1278
464
723
1401
870
1686
354
1229
2472
2485
801
2586
593
338
971
390
1587
2287
2405
14
386
1419
1846
1860
1442
2045
628
2493
785
1805
201
44
727
410
744
2387
1578
1812
70
1237
431
1612
333
1689
725
1373
1270
1308
901
2210
347
1297
1915
1635
2393
1657
531
2066
581
563
1486
364
1596
163
1752
985
1671
1509
2396
534
1682
2125
141
1824
1439
2334
2526
2432
2314
1549
2062
1392
2552
2179
1933
1178
1477
972
1251
1920
849
1517
344
1043
2523
611
13
489
1427
1734
1817
1655
122
1599
612
2447
942
372
1458
323
1973
2083
2428
1085
1749
193
1627
2550
1854
636
1240
2136
1758
230
317
1264
1988
1957
965
1711
10
1790
483
597
1135
1414
1443
221
1536
1650
2321
200
2583
427
1411
1664
2454
263
1049
575
2147
1856
544
2059
2042
823
540
1136
446
2535
316
1639
75
613
1492
894
457
1537
721
1168
22
1969
172
1041
1615
1361
632
362
169
889
1248
1127
955
32
1447
2580
502
1039
264
1303
1344
989
202
1944
1707
420
39
1906
1592
1911
1086
1572
189
97
1742
127
560
320
1025
231
620
1266
2376
1143
2146
355
490
1147
1380
530
2373
680
1780
796
309
1980
2199
1913
296
2364
1483
1138
1352
363
1491
159
1244
1763
516
1903
1275
2028
2054
326
2565
921
1514
2014
1669
71
2406
627
2336
123
63
1461
1533
2089
165
1279
737
1984
1438
285
691
1183
733
782
1463
484
1646
2576
1394
2446
1532
1923
903
50
1305
276
1010
2018
1348
2474
302
1680
2232
425
2247
1238
2041
892
2353
495
91
2068
1189
2481
1647
816
1320
1233
2078
689
2477
2141
1994
1621
1383
2419
1579
803
300
1999
751
1050
2181
653
413
1521
2594
1150
406
2362
1435
2570
1559
538
2121
815
2053
2278
2012
1756
1433
121
1250
791
1853
401
2291
1866
1865
1556
1306
12
2033
1200
1362
1974
1716
107
580
2153
331
1967
626
1342
2100
2194
1629
1567
896
1761
1071
1381
595
2258
1493
2263
2176
814
2244
225
1528
2532
1512
232
777
2484
1198
1273
1054
1526
216
1048
218
932
388
2207
1603
345
854
1581
2561
1905
2050
125
2549
939
2160
2117
1960
790
1351
797
1056
499
961
1024
145
589
1217
1470
952
2358
944
2061
2204
1176
1877
2577
1652
2300
1044
1080
706
1116
764
962
297
1326
36
2445
964
1719
1819
1201
820
1262
1561
254
1875
1042
2490
1883
858
1500
2174
2457
1916
187
1806
1062
1684
974
1467
1539
195
283
1129
2056
1242
380
709
1878
322
1399
1816
765
2404
2092
864
178
339
1921
418
1777
2164
291
1141
1293
181
340
2366
2006
2344
43
1782
1444
1130
398
1606
2438
361
876
242
2022
1140
1604
649
2322
2159
722
1591
1726
605
2338
439
851
578
1019
668
821
1260
1807
862
1160
859
1868
2145
2456
2071
30
701
486
641
943
602
1668
1288
2169
450
784
174
519
997
922
2347
1870
2544
2424
2340
2142
2276
2034
2399
1437
238
448
742
2074
2234
2167
1708
1733
770
391
1446
1962
481
2420
1542
749
185
249
1959
2383
1355
1321
1544
2502
1226
987
2443
633
1745
1462
17
537
1895
1541
783
663
554
917
1088
2582
1553
561
1128
1451
547
2281
387
1822
467
771
2255
454
2077
1255
2341
2184
2290
2333
1597
582
1690
1422
2241
1193
407
2246
2483
2384
460
133
1142
1060
2110
295
1269
64
767
607
1396
1204
899
2288
757
2268
412
545
2070
156
389
1059
402
2462
2352
1097
872
253
1277
2508
832
702
73
2264
2039
2118
1177
2227
1779
299
2536
1302
303
2465
144
1494
1573
1574
2367
424
2414
635
190
1841
1838
2482
1436
1705
1033
77
608
1047
2470
404
2463
684
845
1833
776
802
2596
79
1241
247
824
256
524
941
113
1145
1783
983
2137
89
208
213
1778
1918
1040
720
1755
1254
2514
1867
960
62
1696
1265
24
258
588
369
493
2421
1121
1546
1205
1724
1061
875
1170
828
2051
1148
197
840
666
1247
883
2542
1888
1370
1496
1169
451
1523
834
1691
2032
1588
2537
736
2433
98
2129
2143
9
881
579
555
1924
1137
2597
1196
1656
2511
2035
1158
2293
405
1892
1051
51
1379
2385
477
492
458
341
2163
2197
1384
1896
2259
487
645
1318
2030
520
227
116
1011
473
1400
1046
656
186
1337
177
1490
945
342
2522
237
27
1484
1753
199
1101
1815
598
324
747
2261
2528
1174
2599
2284
1874
2489
1702
203
2295
444
447
2492
700
935
991
1203
695
1283
140
984
1625
343
1766
215
1998
2023
2095
2094
1731
825
665
994
2584
2192
2187
1557
2525
586
1377
2464
1847
1993
2225
1675
1497
108
76
2554
1831
558
2531
2581
1830
667
1471
1740
1796
868
2475
977
2543
2397
1786
2374
1107
807
1340
2149
301
2102
504
262
2297
1784
572
528
1900
2429
2339
1531
1407
2415
967
61
1212
541
1310
292
1037
2067
583
2097
1454
2579
2289
2269
869
1651
1570
1527
990
2527
1117
841
2114
1775
2133
734
2285
717
1665
735
2495
2538
1519
703
1568
2025
1068
45
430
957
2134
1290
1115
1249
2113
837
798
478
838
1823
1515
417
882
18
1393
1252
2349
1659
846
1554
1000
879
652
566
1939
2189
1890
1928
94
161
1291
2589
1863
1738
498
74
2245
329
1087
2407
129
2222
2138
328
1020
84
1575
1316
2132
1426
1525
569
15
2086
606
781
1257
1735
1155
1608
1894
746
34
0
2186
1848
1737
506
2480
848
2108
1289
304
2574
8
946
661
1701
2555
2177
2497
105
327
1182
2368
1194
270
2009
2
625
557
1732
162
510
570
2409
1563
1907
1996
1180
1431
260
2202
1759
2198
1450
474
1202
750
1571
576
2155
1799
647
1670
827
1371
1862
281
2111
1058
134
975
1221
1748
415
1861
1558
95
148
2021
16
2223
1610
376
1620
1094
1119
1179
2371
2379
933
548
1191
637
2084
507
1712
2518
1026
176
629
1294
940
2216
651
1982
1245
981
707
1105
638
992
475
1818
766
1184
1167
2279
2442
556
880
756
1374
2075
866
235
2478
1199
1243
1522
1230
2448
2551
1485
82
817
411
509
1710
615
2040
31
1187
1855
1832
1641
2588
135
2506
1954
1111
2128
154
471
1479
2455
1717
1093
2013
92
1173
2286
1103
1605
4
157
2235
136
936
1678
2354
2545
1234
1375
2585
1843
1159
1535
697
1045
1632
1901
2451
644
818
1634
325
138
1504
2047
1072
2171
33
1879
842
1029
2109
1405
754
1207
2130
41
1935
1687
2219
2085
81
2361
2152
1787
2496
290
1353
1301
1319
730
1602
271
1211
1997
873
65
2310
726
1006
2069
2257
2417
592
2220
268
1108
1666
1630
2215
1728
2436
2052
728
897
861
1750
1543
2307
396
2282
1391
319
224
1524
1692
1225
1395
2154
1590
2280
54
250
959
149
1942
1343
1837
321
1095
2547
508
2249
330
810
1331
2283
884
1012
1926
1133
1295
1210
2091
90
533
248
1672
2003
2190
173
1709
377
435
403
1052
2517
1569
2251
1021
648
1406
2237
1081
1480
419
2093
275
682
2248
1157
252
2214
1346
2348
2203
2127
1415
1698
711
2403
1552
2471
1560
662
1190
1445
2595
1285
151
2270
543
1834
1390
724
393
158
2513
2026
891
1677
2318
1949
245
1510
2587
1139
2533
171
259
240
1876
758
1397
804
843
2303
2541
1850
2411
1186
1013
110
2450
429
272
72
788
1363
1946
1828
421
2017
1771
650
819
934
384
529
183
905
1441
2001
753
2240
47
1398
1382
2226
459
1276
973
1063
914
1478
646
573
1754
124
93
1464
1548
1955
314
1804
2434
774
2135
257
1487
708
1003
2343
2389
568
1014
1534
501
25
619
66
422
642
1505
1339
2593
236
1268
2090
2553
535
2124
1488
913
1743
1329
142
179
1598
1416
365
617
676
2076
2211
970
2435
1417
1098
811
778
763
1764
867
1685
55
1729
153
2080
1839
1951
482
2520
85
769
951
1067
468
1403
1282
1800
491
904
261
1004
1195
488
2301
101
52
1324
1576
2509
1223
2170
2539
293
1636
793
1695
1208
1239
