262
1235
2275
1361
597
809
2576
1558
2122
1604
1468
161
1096
448
1995
1910
529
1161
552
898
86
1354
1148
1947
1697
2466
59
70
1525
2229
257
2339
676
2599
352
2005
2067
1041
2532
2137
1296
912
1866
1186
1290
425
2029
473
1674
1487
407
1808
1326
2345
2293
1958
2198
1886
2009
134
1446
505
1955
1098
145
1257
1946
1286
1613
146
228
2171
1479
189
1358
1630
1147
2117
79
732
2367
1241
602
1399
2126
2116
1258
1639
1181
2
1261
2384
108
1426
2593
793
1407
2285
1897
507
1432
728
651
1539
1208
556
383
1867
1619
2230
106
33
150
34
309
1139
2018
547
1586
704
668
2001
2214
1280
1408
2509
2048
771
355
1750
291
1716
702
2265
2077
692
121
1822
1823
1562
1000
2092
341
412
2003
1818
363
240
2178
709
1779
1137
2173
1182
1370
2396
974
1478
2325
2152
1778
791
36
706
2393
1206
1925
1973
2211
2008
1123
1807
1746
376
1193
527
618
282
893
2014
1360
2476
1982
1145
502
19
1365
1545
1880
1941
1977
824
2471
1382
1505
2423
698
1018
2269
424
701
573
1307
155
770
1511
2202
1731
1566
865
714
2175
1516
2518
112
487
1754
1884
110
414
1452
540
1572
2165
1066
418
1025
600
1749
2300
1588
1418
1159
1033
680
359
2124
996
281
191
1652
533
1230
1555
1737
1782
1872
390
1756
1339
1078
1150
1986
555
823
913
1847
572
2542
2409
164
1625
788
622
2186
521
670
397
590
1812
464
1017
2355
379
1249
1467
1789
615
2374
2320
1125
1093
2416
750
1684
206
1048
1259
1793
535
988
270
2172
1660
1589
1643
259
1437
2480
2496
1551
899
209
1184
1050
2415
2101
1475
1278
85
2183
2054
2216
453
1073
1845
1483
657
2364
896
1343
878
759
1441
2319
1649
942
1111
1953
9
2314
1471
1999
247
244
2430
2089
826
69
2470
25
2295
973
2441
1429
321
1601
1071
985
640
222
1624
1863
1726
27
1824
1544
1363
1776
373
800
2578
1899
1138
551
757
888
2027
496
633
1295
830
1232
16
41
1453
1836
2382
2327
1236
2338
152
30
2390
1719
1981
1632
1007
227
2492
2467
2527
2051
2558
2238
1262
765
65
2111
105
593
884
748
1800
2163
1263
1037
2140
991
62
804
368
1788
285
831
1308
1690
434
1512
1449
1817
335
1898
2461
1086
128
52
503
1444
624
2167
637
1602
185
2181
784
1964
360
249
545
1759
1240
388
868
2046
512
957
1291
940
2304
2388
1300
182
457
2486
1060
367
1320
1114
886
1637
2270
2281
1758
2333
1332
2563
48
1460
2550
2233
923
1667
1580
1645
208
808
214
827
1896
629
2058
778
1581
1061
2159
1535
1959
1679
1839
1223
1518
2034
497
691
763
2368
333
1421
1494
1121
329
653
1729
2096
1255
92
795
718
2231
2056
834
382
1265
275
1124
1722
699
1129
909
2465
796
2360
544
1218
2169
1279
1980
1501
2326
1201
1191
2533
2392
1128
587
1612
2235
1599
1740
2226
1075
433
2234
210
1876
2305
2376
404
2174
828
873
2478
2128
66
761
1608
745
1140
1169
1596
2272
857
921
133
384
2068
1741
1507
628
989
656
1119
2227
1951
697
1103
1987
591
463
103
1323
1371
1353
283
970
1888
790
2587
1574
799
1047
123
1346
2530
758
982
1713
760
1010
1160
1680
1933
101
1659
1497
632
2488
2037
202
693
2425
2279
534
1906
1059
1641
351
2239
28
575
306
198
2146
2451
1376
1198
1472
40
80
1485
173
2332
737
7
1126
1442
2042
781
1419
1185
302
696
142
180
2064
1109
277
2446
859
1127
2594
858
1179
1859
2317
1069
483
1546
251
225
601
1771
468
2422
685
2544
838
1133
2540
1312
585
5
1134
287
143
2263
486
1496
2158
2085
421
364
273
635
1598
2258
385
1251
1116
1115
369
229
472
889
528
2309
2133
1752
948
681
1030
1316
562
2025
1131
1786
20
678
1032
627
1950
592
2246
2185
967
2435
1702
963
151
992
2291
2463
2481
1315
2510
2081
470
2302
566
2562
157
294
707
194
339
762
960
930
931
2495
1984
554
1482
2057
1106
789
2182
1578
2254
1166
74
2394
113
1728
605
2047
336
458
1681
1003
1912
2399
1831
2413
1342
126
2156
1293
235
1907
1113
8
725
2337
1457
378
2274
531
1797
1044
471
1622
975
2288
477
2170
1685
144
2565
990
1742
1901
2370
310
1490
1440
776
1080
892
1976
2420
1714
2516
1054
783
2539
715
422
2482
347
2489
816
1094
2440
548
1861
626
3
184
994
664
549
675
2484
140
1439
1827
649
0
345
224
1994
951
1006
875
2537
233
2436
2552
1852
1500
2213
44
1238
258
751
2385
2188
456
1689
1205
871
2521
1211
1931
561
2223
2417
1905
212
2166
375
1024
415
107
1425
2106
1168
1196
1735
440
2055
1459
2585
1009
237
22
1110
2222
416
2517
2217
1825
546
55
665
1213
1575
2143
130
2021
372
669
2135
1178
1297
1887
183
374
1857
2421
1609
2343
2103
1924
317
1532
1065
509
1489
2520
97
160
2113
2192
2498
238
2121
1763
1266
293
961
2060
2247
1537
42
2316
2445
1239
2365
880
1495
1743
2020
2372
659
1591
803
906
1333
1180
447
1366
1292
1930
1368
1173
517
623
2410
1474
2240
2191
2475
2024
516
2142
2571
1282
1304
881
1163
349
1802
1039
88
76
442
255
2244
1183
241
2218
2522
2310
1605
1651
2377
226
2331
2432
1083
1195
2450
437
311
2369
666
1538
811
2336
2131
1469
2078
1338
1108
2536
2197
1256
1862
1664
2591
916
918
205
1142
2261
1650
1798
2554
782
2023
1829
1527
560
1015
794
844
2141
1761
242
1322
2407
2118
1237
120
1692
2098
1978
1948
1271
2449
508
141
663
1963
12
1584
2255
263
1956
2041
301
1463
2099
786
2119
199
861
166
1356
1700
2592
445
261
1344
1541
2468
1600
928
2561
682
2434
2454
2039
2473
910
2189
1775
917
541
1056
1997
820
742
2429
236
849
135
2504
1966
713
460
232
295
2358
197
1970
1875
695
1673
439
1411
524
1404
1070
2456
1569
2210
43
1273
14
1706
1416
1443
2548
2276
2442
1389
539
1853
1751
1190
815
2462
1806
430
1529
952
2012
1454
1401
1672
1156
504
749
2575
1514
2154
1506
300
172
1100
1573
168
1171
1016
2579
2196
1765
35
46
2431
1052
767
1821
122
178
37
1091
2250
2110
1318
354
2164
1253
956
1212
924
1067
510
936
694
734
1533
1919
423
1099
117
136
1174
2053
852
1556
58
1517
976
2155
2419
366
2049
769
90
2342
323
1144
449
779
1398
1227
2418
1868
567
787
559
2452
1890
1961
2581
1515
958
2569
2094
746
845
644
843
1149
1828
2038
252
2232
1248
877
1587
266
2597
2109
1635
1402
2308
1135
802
1730
2160
2490
2059
452
927
660
2443
672
904
2000
2447
1534
738
860
2505
217
2511
1954
1618
253
137
2568
1057
1364
322
1871
2161
565
1107
1733
576
589
2547
747
1314
1031
2267
523
358
890
1247
269
1330
887
1461
1993
393
462
911
2105
1816
193
1920
648
775
964
506
1943
1850
1027
2362
256
2157
500
1909
1877
289
6
2566
700
1438
647
39
2383
2149
2444
1072
835
1734
1215
526
18
2017
1396
2350
2598
581
1606
1260
1576
1283
645
853
2459
187
1738
2102
162
156
993
2437
2315
717
2138
959
2353
1676
192
1424
338
1934
438
1481
1484
607
614
72
158
350
929
1224
1252
1146
2289
846
1491
1530
1838
466
2011
998
1302
1272
2474
401
337
1914
2485
825
325
1942
216
87
2249
603
658
1311
1784
334
1493
454
2564
987
532
1844
752
307
1582
1305
735
1209
1536
943
2596
1834
1079
488
1077
1633
1932
2455
1762
1375
1568
1815
1395
1810
1014
1696
175
260
1105
2179
2497
636
330
1998
1074
563
764
1989
1143
1021
2549
1436
1277
2595
2500
274
1915
962
2075
1498
1656
1488
1068
26
1757
2589
1243
163
2318
2256
1705
154
1928
1677
271
1092
429
1405
340
2567
1509
432
1708
754
1350
1814
2168
319
332
2190
2507
215
13
1565
465
2403
219
1921
2531
196
1552
1662
38
1889
2321
353
1340
125
2144
810
574
221
1084
1879
1913
1929
2346
1939
2324
1246
1962
2582
908
1869
1386
1874
1990
2071
324
978
797
766
2460
2002
1327
2200
891
2299
2323
1795
2428
2076
1231
2306
1787
81
812
102
2112
736
1753
2528
969
1755
1695
1882
2472
2206
2225
604
673
625
395
2538
2427
2408
316
1284
1590
2586
1112
1647
1254
2070
1303
49
608
490
2062
999
195
1373
1663
2050
1710
394
118
2115
2414
2061
2136
2543
1855
1415
400
1020
1325
1275
17
655
955
1661
836
2006
1154
73
1310
1701
1379
2501
756
882
104
1791
2195
239
1299
850
1387
1388
381
840
1543
564
478
64
67
968
2245
619
2515
2199
1117
1355
1102
579
1592
1450
1634
1585
2297
1711
2494
1214
268
264
1611
2577
398
83
1390
1175
724
1642
1638
1967
2371
2560
2448
1026
723
361
885
2572
1646
661
2252
2127
1158
1298
77
1620
494
1104
2553
290
380
186
1626
965
1521
297
2194
768
542
1242
1324
712
1840
1769
1595
280
1841
1739
2514
2506
2551
1607
1430
1944
405
1434
1945
1464
1229
177
1523
2187
1351
1549
1699
1783
1172
553
2400
1640
854
1937
792
1792
1381
621
1118
2080
941
1034
1968
730
1583
1400
950
2555
2405
2013
2398
901
1894
934
1076
1301
2026
1001
1492
674
1548
2330
1281
1359
1851
2228
1557
2312
689
851
2526
1666
2243
807
1222
2583
839
874
124
2132
677
947
1923
1226
798
1197
200
2203
303
2404
1045
1393
2205
436
2524
1519
139
2088
276
1095
895
2347
1008
1918
1456
1648
2151
1062
461
1926
1
47
1991
1049
1895
1623
298
2134
1547
1362
431
1465
2438
1669
1508
708
2242
1712
1594
2301
489
806
1392
518
1225
1038
938
684
1830
2292
1832
980
1908
2386
1691
520
279
435
2335
1698
1703
919
1809
318
132
2022
1917
2177
1040
308
2559
1721
2352
2573
2184
2341
688
1276
149
386
1403
2180
620
1269
2063
1397
93
1885
606
481
2271
1029
1455
2130
1189
753
2546
1975
876
611
1427
2402
2322
1228
2512
1349
870
1063
1203
403
1688
1655
1088
1122
1777
2280
855
1141
2503
2491
1132
2241
1542
188
327
1819
1577
1854
902
231
1781
2079
1720
2535
1902
1893
2204
2091
594
2477
1835
148
469
2108
342
408
420
935
2387
2016
1410
2502
1204
1856
977
2035
721
667
2114
2464
1409
1287
1288
1348
82
1167
1233
1334
2150
1176
1561
1707
571
1570
2010
387
1579
616
2557
1435
711
686
499
31
250
596
2391
2097
1903
181
972
1785
1022
91
617
671
1268
900
2588
805
396
2311
23
1531
818
234
78
399
2439
1849
344
1341
1023
1520
536
1510
939
320
1571
979
2328
894
2082
662
2303
1747
495
866
1317
727
377
1644
1803
331
1055
56
2487
863
2523
346
2125
2469
733
1152
1499
2207
1936
2052
2262
2453
1564
174
515
2570
2268
167
610
1709
419
427
883
1165
1331
1028
1194
207
588
1422
864
2580
833
646
1772
915
2361
1873
1309
1770
1732
1629
1725
1155
2031
2296
722
1526
582
1657
1813
1470
869
68
21
218
1480
897
1294
428
2093
832
2208
53
1675
498
2224
652
1727
1187
1748
1019
741
1101
211
1270
995
557
2032
409
2045
312
1693
1378
1678
1058
1768
94
705
1380
2072
842
1670
1715
2007
543
1766
867
1682
389
165
60
2215
24
2351
267
2212
2221
1597
2107
2354
443
10
1188
1264
315
2253
2073
981
1423
45
2019
1843
514
984
441
1858
1476
1319
2313
1162
1347
246
631
1794
2044
371
1267
829
599
1221
1502
475
127
1773
598
2277
905
2083
2028
785
1151
169
11
1089
1988
1528
922
1164
2340
1801
2090
1513
2380
485
1043
777
1683
1554
954
2357
119
1406
568
2574
1972
690
2397
230
1848
580
2294
1567
837
726
170
578
1658
1764
966
1826
744
1922
1949
444
201
1694
176
286
2129
814
1097
2236
522
1219
1965
1615
2329
426
455
1431
1559
920
570
493
2519
1473
1306
2219
720
1005
822
1938
710
1790
2201
780
1274
2499
326
1369
1199
925
2406
872
1036
650
774
417
933
1805
1540
2401
71
2356
116
1157
223
2529
703
1328
115
2074
953
2287
1760
1414
1940
1900
111
937
410
1466
2348
446
1603
2541
2033
1503
171
147
2366
1974
1610
391
1385
926
583
1668
743
1992
2257
1445
1035
63
1081
265
98
1560
847
1969
1960
476
1780
683
1686
1210
1202
1417
1717
29
687
932
406
1250
1090
2123
370
313
716
1653
474
2426
1804
819
1935
179
491
1718
1864
2273
467
114
856
2120
1927
2251
2259
2508
1051
1042
1617
2015
2298
84
1504
1428
96
1985
1289
907
2030
1486
1957
129
1011
296
1207
1377
879
392
479
945
89
459
1458
2381
1451
1120
299
