2185
1859
1468
1354
82
1202
2351
106
20
2142
543
2051
1710
1485
390
1883
1078
2564
726
1340
1183
1822
2188
355
2306
2315
1557
1588
2582
527
1935
241
2137
856
556
1208
454
1492
1327
1805
2063
964
1423
570
1704
2005
239
945
451
2267
2065
2577
1758
404
64
1778
236
376
1346
1851
188
2527
708
836
380
539
1463
688
491
266
275
880
365
1029
2079
1352
1233
681
1496
1924
2233
646
922
1256
767
2158
514
2215
1414
1247
1833
757
2325
645
2497
2581
1927
2081
1979
70
126
2152
1241
1124
1989
2269
1411
649
1698
1171
724
1023
2358
6
1355
1912
124
2399
88
2248
894
1239
1422
844
662
1600
486
572
2097
1874
1864
223
10
496
2536
595
1292
249
835
98
2030
263
1013
2493
31
2112
677
1376
2090
2270
1337
453
555
1180
2226
2224
1039
1210
2216
1478
1619
256
1561
439
1794
2153
1615
2074
2587
1035
1203
2084
705
2068
1449
826
2323
1899
1991
537
560
704
1060
1015
783
1365
1984
328
2075
2288
568
1731
1546
2099
1093
1631
1477
2210
55
759
1137
1598
1179
2597
337
2221
33
1155
943
2061
66
1440
1350
1457
2593
1113
1643
1893
2262
2456
1835
1086
2505
1087
2443
1169
1761
2562
523
1507
60
1487
394
1027
2182
1030
1743
1397
1219
1616
2598
765
1494
1510
1214
2110
519
214
1413
2100
234
1259
1800
2313
946
707
1554
1642
1084
997
2253
2
1166
1506
2131
204
2435
2502
2591
260
2225
351
504
1297
2279
2305
2420
261
2406
1207
2370
1167
336
861
1486
1147
211
2199
281
1497
1047
1606
1699
381
1197
2580
1470
1387
2001
302
1189
1599
396
136
1333
1264
400
618
2549
2353
763
600
1158
2280
1907
650
480
908
116
1594
1385
157
685
1310
2584
2570
2175
617
814
972
2340
1024
804
715
1119
1073
830
1403
958
195
761
999
581
2006
59
1630
661
2499
1772
1353
2078
1913
293
166
2016
940
1467
1234
716
1675
1719
904
2002
1096
1249
247
1673
159
1804
2220
2450
2252
2348
38
1243
2409
1739
2526
222
2349
731
593
2410
1808
1745
1323
1976
1538
1407
627
1260
960
2200
2579
108
2495
2139
637
648
817
334
2449
1500
547
771
2474
1443
762
756
1205
558
994
2116
2020
187
226
2458
965
1356
1160
1691
2276
1728
1838
989
1188
2316
470
26
901
2236
902
1562
2463
1362
941
1517
408
962
587
2285
1533
111
808
517
2186
1973
1803
475
35
2109
489
288
1098
720
416
79
1949
1122
437
158
71
2333
17
2156
1288
996
674
1945
1020
296
366
1339
1653
2271
289
684
2393
2012
1141
1228
1565
14
2272
1812
1528
2334
516
2209
1618
2552
345
422
2197
2179
676
588
744
1564
2523
884
1345
121
2157
1568
1250
73
1118
1520
432
2578
2066
2085
2004
961
89
2481
68
615
1184
2331
2258
1418
1963
490
2503
1620
1617
1845
772
780
386
1727
2586
569
52
1368
1229
1730
2217
925
1651
2093
1844
1914
2387
1271
2383
1290
596
993
540
647
1936
2257
105
2171
2439
2594
1776
839
1869
2374
1755
1516
1476
1138
2512
274
123
1543
781
695
1319
1120
2367
671
2275
43
83
318
1787
721
1305
2204
1840
1412
1782
487
931
299
610
189
1686
1132
1532
1248
346
2319
864
1045
2510
2354
1960
1545
1318
348
2115
1363
2546
1499
1091
1576
2556
859
41
634
1269
378
1037
2328
718
2421
916
224
353
862
2130
520
1858
2475
1431
574
734
2448
2235
1019
254
1103
2223
987
702
1791
977
730
1661
1659
467
2259
1389
2541
197
1926
1654
2263
329
1018
1295
2034
2173
2482
692
2454
542
2555
2205
242
903
2391
2500
776
2246
1681
1634
1107
1286
1116
398
1684
264
1904
2314
655
1324
286
1175
606
1553
135
1806
1334
1818
1456
94
2256
917
2022
1954
162
668
1253
1399
2554
1312
1273
1982
2498
1135
143
1928
2480
1388
2401
930
1076
644
483
1272
213
1834
1655
219
566
2211
2237
1215
2101
2206
362
2118
2162
307
818
2254
951
1774
2094
915
2476
81
2520
1416
893
798
2260
768
2303
1592
2053
304
2191
322
667
1052
2457
1484
1820
173
1539
2504
53
2596
1715
255
194
1523
387
1663
1988
350
1041
184
2122
1977
1572
425
2052
673
2120
508
368
1647
2350
1536
200
1711
309
1670
1332
699
2104
820
584
2082
2330
2385
2565
364
657
339
370
229
2048
974
2575
1716
1176
1609
2222
672
1857
1348
1567
2355
1527
625
1364
1748
1062
832
2247
2147
1542
966
331
1816
1529
379
423
1896
1708
1702
1055
2397
1002
1244
2551
192
2359
2388
243
2538
2425
2508
1829
90
511
385
843
1796
276
1450
1605
1906
191
130
920
641
1028
2019
120
1521
2532
2067
2419
1837
315
2201
881
2434
455
1033
492
636
810
624
872
149
278
1061
185
429
1326
1303
948
1291
1862
754
308
1242
1780
1330
918
1016
995
1001
1071
913
1504
745
611
1280
829
287
1005
127
2384
591
161
245
1649
1764
1451
403
659
1765
2151
1344
703
1162
2416
2525
1898
1917
1396
1866
2405
2518
1985
1502
770
1511
957
609
2402
85
1842
2041
1579
2539
509
2159
1460
927
1304
635
2301
912
1897
529
1930
727
1056
1786
2176
65
1571
794
2327
2568
2023
737
1097
1196
1961
849
1131
2212
1905
202
203
1777
1587
2395
2352
1602
63
2010
2362
717
401
1846
1810
1139
631
1697
448
196
262
96
2341
2444
1524
2036
176
1535
444
1306
74
1382
1490
1701
374
352
9
1958
1957
358
462
495
1853
2369
1551
1195
141
436
538
1688
118
277
883
1298
316
1750
553
153
2135
1644
1032
2529
777
2029
1130
1953
180
905
1164
2088
48
778
140
551
1916
230
1640
1006
87
1519
251
2461
1342
1575
1799
75
1720
1296
2455
1856
563
2379
428
323
2129
605
2585
1713
433
1613
2011
622
2202
333
1813
833
13
2059
1614
1836
1429
887
1788
1540
878
638
1666
2489
2148
947
237
1279
2193
921
766
2045
1390
1009
1311
477
2219
2573
2091
2557
2521
330
503
233
1351
12
1692
1308
510
1151
2180
1901
2326
1455
2592
1145
1707
1357
701
2250
970
1294
1398
2360
1878
619
1934
548
640
530
2183
795
1771
1185
1955
824
806
738
250
290
1544
478
1729
2561
608
1025
630
1574
2196
670
1448
2339
1201
1275
1400
493
395
1694
1744
616
129
2389
764
1442
834
2086
1674
733
2105
2149
1329
1299
949
928
1884
420
1000
1559
1406
2128
494
936
1146
1920
1573
1638
1081
421
2286
689
1596
1125
1664
172
199
2098
758
148
1951
973
642
1008
78
1459
621
506
2123
1115
580
1593
1795
2031
1099
1226
1192
2080
1401
803
2528
30
2234
1850
292
2569
1142
2304
2491
2309
2464
2111
2013
633
1453
2229
2400
2140
1993
1358
1300
2531
1051
2567
150
2265
2296
991
1101
1522
1875
1058
1121
1583
1100
443
1053
2380
982
58
482
1908
427
565
1284
590
1075
1610
1512
15
515
2548
1880
1349
206
1165
424
1465
1110
2506
2095
899
1603
1178
2071
1749
2213
723
796
594
1230
1479
749
1734
679
725
2144
809
1861
384
1224
412
109
1218
1108
869
267
1737
18
418
750
1380
2007
2278
1987
2432
2329
300
2289
1193
457
1328
1194
409
2255
1801
1493
571
1466
975
1361
785
2321
1919
1766
1828
675
1153
1384
534
1424
742
2266
1341
2292
1889
1981
562
2509
1161
513
1432
1569
719
2332
2245
1950
359
458
2302
959
868
561
1220
2342
2590
845
1409
2070
769
2033
1629
1827
823
1821
305
485
1947
1217
1894
92
1430
1923
886
2545
866
867
238
1267
2028
244
1221
1106
2408
847
1134
393
954
1036
1255
2143
2032
988
2428
2194
139
2563
212
2174
2172
1814
855
822
2368
2240
397
16
747
178
1566
2241
1753
1508
1173
1639
1760
1763
811
1768
1759
193
2190
709
310
874
1236
879
2003
2335
873
2166
900
857
2132
340
1148
2274
1690
303
2295
1560
1077
1222
1641
1680
1790
186
696
1057
1282
2343
2273
1792
2187
1040
1962
1624
209
1830
1903
652
697
816
1283
863
2015
2571
240
1426
2150
2014
1285
1970
1065
911
7
751
1863
1860
2138
549
1556
1446
1994
1550
2203
198
924
383
1998
1263
406
2026
1336
170
2293
639
1726
1080
297
1918
732
825
2320
1997
2021
373
1789
1754
787
1781
2035
2345
283
888
1940
57
269
128
2018
2550
1199
1966
115
2300
1549
181
1464
955
1996
112
535
1732
156
2160
399
2064
1225
2468
1783
2440
175
405
69
2364
2365
1270
722
2442
76
1441
1952
402
1650
468
926
460
1082
295
377
1252
2494
2422
2008
2411
1882
1265
1425
2287
1109
1725
2595
2125
983
1163
690
1012
217
107
167
629
2177
1278
1314
1471
1637
505
499
1807
1452
284
1428
1944
1186
2208
360
1383
1474
1885
272
932
1757
687
1990
1177
449
1367
525
1473
1717
2040
317
665
1595
713
152
1022
1693
1070
160
2102
1301
452
1665
1677
1964
1548
2054
484
663
1049
2154
1849
231
343
2347
1223
2042
691
728
29
1534
2146
1127
938
528
2092
1419
2282
2284
934
1231
1625
1238
1854
268
332
2058
1302
1817
1144
1154
2264
837
2046
301
802
1227
1325
1577
326
100
56
2244
314
1933
1212
1682
2490
2169
1335
1064
1498
2009
1590
450
1372
1902
488
37
2486
39
1216
541
1558
32
1102
1258
775
779
169
1972
2515
1469
632
1887
935
773
1779
1482
654
1967
1034
612
2496
2232
24
72
472
1648
1079
2044
258
1931
736
1723
426
963
1687
1825
2412
1136
669
1911
2537
1531
2437
1386
2141
2308
1848
2037
985
1685
1150
2446
875
341
2297
164
2377
2277
2114
142
1043
1187
2243
2366
415
2261
1515
919
1703
1581
1646
207
476
464
628
981
2492
620
1191
1266
531
285
1552
589
2488
2535
253
1375
976
1462
1268
992
2540
2574
2056
2043
2134
1083
2403
430
1811
411
1235
793
1489
739
854
174
1072
2346
291
968
50
28
1628
1105
2165
2299
971
1168
2589
1392
1740
1518
102
2381
2184
1170
1038
978
1481
2231
1505
1488
2324
1956
471
1819
1636
1676
2484
1669
2473
1843
2181
138
2533
1563
1129
280
1580
1343
388
347
2024
848
190
2558
712
1678
434
2519
1929
575
1211
986
2544
729
1969
23
371
1632
1447
1111
145
1802
228
1705
1433
827
1190
694
273
788
2168
335
1525
1900
1159
125
1992
19
2311
473
1585
257
2372
205
602
46
342
1017
2107
1679
271
1555
1140
791
2501
664
1959
1932
1444
91
215
3
2170
2451
361
2251
1315
479
313
937
40
2436
2382
2576
1948
248
2583
2413
860
201
2189
1980
1733
653
607
133
1852
1068
282
877
2228
813
49
643
710
502
1855
990
1724
232
466
890
1865
101
84
1736
1461
410
1128
784
1021
2390
1427
2307
2542
1281
896
2453
1054
583
1321
876
2478
2312
151
2164
819
1873
2281
1206
2117
1458
2386
1718
1085
97
1975
1877
2470
914
1627
1785
1359
680
2167
2242
828
2517
1826
1815
2161
1547
895
1117
1501
2338
1509
2417
533
1570
1968
933
1152
1257
344
1276
741
114
2477
2055
1050
714
812
1089
686
2000
391
225
1420
586
1608
1112
2027
1067
1262
1309
842
137
604
469
134
481
1042
1404
1172
2418
2485
1657
2553
1656
850
2445
367
1313
2133
1246
311
2426
1706
2469
1672
2077
1472
2599
939
1114
80
2429
104
2038
2392
2062
2559
2487
1181
2378
1652
2543
465
117
2310
122
1394
2291
1999
700
1775
1391
500
1784
1371
414
419
354
1526
2060
1942
567
1658
1254
815
2516
1871
2198
892
984
969
2407
1347
956
1133
524
752
327
518
865
1633
2283
221
67
93
298
2017
1735
1495
1995
1909
210
2452
532
1377
2430
1915
1436
1770
1374
2126
755
1612
103
441
2268
2566
1
119
1156
1063
1921
1591
660
2249
1104
1026
1891
2507
1415
2318
372
950
1586
774
1662
1237
2479
1322
227
1793
2050
748
2076
578
1213
294
2192
1870
2025
86
2375
1366
1867
1751
2398
1746
564
216
1088
1660
2087
1293
338
2361
623
603
146
1434
2459
356
526
2357
1986
1251
838
1798
1671
2195
678
557
998
2083
1965
1402
1381
1872
2462
1946
923
461
1204
1331
792
113
1578
61
1910
1240
898
168
967
1941
1721
2057
417
789
1092
2337
1320
54
536
2483
656
666
1668
2155
1582
512
1126
2534
735
1410
882
2560
2424
36
179
980
183
208
1378
1483
363
47
521
740
1046
743
1868
1287
626
147
320
1537
163
319
1881
2121
907
1014
2447
5
1622
2113
357
1095
99
220
1530
1338
131
369
446
2317
592
786
459
1824
801
324
1714
797
2547
1379
0
2294
442
1200
45
1408
944
953
1742
498
2145
800
252
2588
1709
1513
1700
349
1514
1847
576
906
1360
2096
2404
1048
2460
1445
871
1232
27
