521
1496
1259
1121
2124
432
1568
1733
1552
215
711
409
220
1055
572
1433
194
1590
168
4
1016
1211
2224
137
1502
1428
2058
772
2428
1920
1223
949
2042
2496
2562
120
1786
1749
1365
1997
1322
1220
945
350
2405
1366
2194
1232
1425
145
2530
1562
2349
2051
625
998
1851
134
2064
909
74
2484
448
925
2574
1039
192
1144
476
357
488
1179
2014
993
1757
2503
2294
181
1336
2120
1380
2322
1742
2071
1619
797
2010
2228
342
2447
2312
2139
1841
182
1082
2094
1342
2449
1045
1480
609
834
1151
734
1235
2023
966
1571
1291
1874
2255
2539
8
466
1083
154
941
1784
2131
898
680
612
789
2442
1400
392
1673
926
397
1069
1132
2172
196
2450
671
2598
30
833
1903
1161
2356
2389
2583
212
1080
999
2091
803
1474
2173
2196
195
390
820
2221
979
1761
506
1475
907
806
1908
2261
955
34
2482
1110
1047
1983
665
222
641
891
1063
1868
475
1760
472
636
1119
1773
229
828
642
1483
587
1416
118
1987
1584
2596
2248
183
1771
630
2129
764
930
114
1367
2256
1864
1388
1762
1142
467
2414
286
690
1666
2339
2011
1035
953
491
2218
1897
340
767
425
740
1441
1945
2551
1077
2436
796
1096
2509
719
1405
2281
24
1917
3
2146
1980
165
1217
582
2309
1878
1443
661
2453
1406
1391
1595
1107
811
1821
1215
815
1654
10
1263
2398
1301
1830
1197
1025
2260
2000
2505
2361
1759
281
103
1804
2386
383
106
2321
1417
1722
982
419
1642
918
744
686
389
284
759
1389
1518
1181
203
1573
2535
794
1752
424
1353
1632
659
1789
1192
1477
804
60
1018
2582
2568
1848
1331
2301
289
1253
836
2370
1324
819
2039
1227
104
1332
726
1236
1894
1638
420
2047
1292
490
599
1892
422
430
112
1224
640
757
2197
1700
176
2283
897
850
995
1624
2343
143
1275
2103
2110
367
1357
1501
527
551
249
1196
2180
2538
936
1862
908
1219
1944
1320
408
283
722
499
1061
412
1075
1154
984
451
322
1734
1445
1791
2257
345
594
709
38
2116
47
87
130
856
455
2168
952
656
2494
66
539
605
558
2165
253
1902
720
748
391
1218
904
2297
2184
482
644
446
1753
1891
2434
1509
2086
2216
159
533
1117
259
1839
300
410
714
16
830
653
1295
2278
1001
1335
2082
2158
1867
1992
672
554
2528
2290
929
1064
457
370
962
2529
50
2520
2401
257
1586
1513
1244
1651
1738
2031
1628
2034
2497
335
1073
187
61
1756
2275
2267
2150
175
961
2595
1951
617
132
1810
2025
704
1105
1370
2340
1
304
53
2421
1889
881
2203
652
440
1386
2481
645
26
45
1570
1486
2134
681
1630
485
139
18
1860
813
321
1042
1076
80
2464
538
1641
1704
502
676
1707
664
1792
892
2485
608
731
579
2584
1754
872
947
1520
1137
1605
1178
449
1701
2332
2553
1755
584
2171
2080
115
2597
371
380
2152
2271
1979
1558
2589
157
1582
793
327
2073
1616
713
832
117
514
2547
2052
394
1246
1287
102
2249
2054
1138
329
1146
251
377
1452
2074
2062
2510
1352
1382
2066
2215
1615
41
179
1715
227
2572
1402
486
123
1420
2274
474
2308
1494
1909
324
2390
1066
938
848
1435
1829
1460
2526
1318
2501
1618
1067
545
684
2291
969
851
628
685
1869
184
178
1709
2587
917
494
248
662
1563
452
1149
2142
438
1604
317
2424
2286
901
556
2280
2431
1354
1280
1698
2265
1206
1888
268
1815
480
2222
718
151
1511
242
111
208
2236
1736
1306
2479
534
334
2388
90
728
585
1131
2100
1535
2542
464
1493
573
2381
353
785
1522
1314
209
307
282
444
1212
1183
716
351
13
346
2337
2251
1671
544
971
1479
683
1577
2440
101
750
637
1484
581
1551
667
800
1643
1350
1005
258
824
2394
337
1559
762
574
1281
2468
1677
1633
2549
1544
774
2317
1842
867
1524
589
2415
1278
2123
1438
1071
465
1694
365
2443
252
1164
1664
536
1490
498
341
471
1962
600
912
2487
1003
735
2495
1310
2592
1152
603
473
2544
1744
1447
423
361
1665
1467
2243
876
266
2174
651
2460
2508
682
906
1719
2404
2315
461
598
2519
607
2170
1954
2192
1302
2471
2206
2352
1175
2374
1021
407
1396
2516
330
2006
1861
402
1424
517
1068
1598
2078
426
1964
1020
1801
634
1419
967
1434
401
1872
2207
2048
234
204
1157
1732
1976
2475
1540
188
786
1015
95
1579
156
1243
100
2455
2469
2512
2480
1743
578
798
933
1846
943
2550
1959
1798
2559
1735
2532
1238
1450
890
1607
1141
2303
2345
1013
2342
2590
776
2009
660
1961
2298
1978
1614
434
2121
1576
2306
1057
1649
9
1947
313
1788
1823
1334
841
1739
1294
1620
35
1926
788
2021
1930
2153
1876
1925
2364
1808
1836
591
158
92
1204
1231
1321
823
2474
2295
1512
1963
802
1472
2427
2136
846
1818
65
2586
2517
1663
2085
1395
459
2465
250
21
2262
2384
2213
675
932
2418
1682
450
226
2362
270
825
2089
2043
2320
323
1999
2521
2365
2045
1693
311
312
698
1890
1172
1337
1781
1147
1062
2191
1782
511
1692
1990
700
2439
1687
1538
2161
1199
7
2420
447
469
170
2253
1858
535
1554
921
290
927
1549
923
2488
958
2282
479
541
325
2310
1803
292
2402
1916
2
2534
2490
513
144
2313
442
1290
1934
1311
1741
542
256
1610
863
2328
2225
1914
2072
385
531
1473
866
2219
2087
1583
627
2018
1812
1339
2329
1046
888
362
1283
2104
421
2565
1547
1209
635
1303
1822
1094
1476
1466
1645
243
1270
63
400
1658
1374
2028
1768
2151
2334
563
1689
1118
2346
1372
416
1091
31
657
1009
1032
1407
1854
1482
2190
1414
2448
1943
460
1177
729
2581
2299
1273
978
1393
1036
2209
732
1863
760
429
2433
1349
309
1957
504
124
2396
826
1470
2109
418
658
1939
1051
1811
1054
986
2445
2231
69
1274
766
650
1915
2230
983
1809
747
871
2284
2463
1827
2247
1900
1413
567
2289
1728
1168
1807
2277
1958
503
19
2593
279
1312
873
1239
210
1038
221
142
1368
629
557
1155
2254
737
68
85
1935
1968
1662
1601
1128
318
2185
1560
1398
751
2514
1965
994
1539
237
1767
1202
548
116
2127
809
302
2459
2101
2160
2105
2522
2561
1397
2033
1644
1072
310
333
1955
2038
1796
149
1703
1574
1022
1813
1410
2369
791
1879
202
1114
1977
225
1814
273
1254
481
687
1133
1125
2373
944
2122
2423
2164
1497
83
2081
2135
1729
160
507
287
1906
2441
2026
2533
543
1713
2044
845
1228
1635
2272
1369
899
610
1139
1603
1853
910
733
2564
1469
1194
1589
2059
1847
148
2360
1208
108
127
2354
2154
859
2259
64
577
647
1060
1276
1826
43
164
1285
2323
1647
1833
1685
1795
1556
1503
1824
162
1201
988
1156
437
1933
1252
1361
1840
1515
462
468
1240
2560
710
441
879
1409
140
2053
829
2250
1835
884
1542
2178
725
2515
2378
2214
974
489
1052
1222
2287
670
2193
2376
484
1491
84
1017
2212
2235
398
1086
654
2540
1631
1267
403
1356
1191
1113
1011
153
2382
510
1325
328
1266
48
1998
777
970
968
458
1517
2324
778
2211
2102
406
314
790
88
1714
1793
1986
1504
1670
1012
2229
853
1825
1158
2552
911
22
338
2017
566
231
1537
976
1688
2311
1802
1145
2419
1328
384
1960
1343
254
1058
787
1109
758
1092
1257
821
98
880
193
1355
2013
2492
1454
2179
379
1696
1937
699
2462
428
2241
1014
886
1345
2348
1108
2331
271
1683
2437
2531
868
639
1608
6
1165
1029
2341
2458
2563
128
11
233
431
2032
893
405
1341
2065
1514
2090
478
1256
2351
1880
1184
59
1991
602
2133
2446
1893
1135
129
1008
110
477
1637
606
604
2333
386
25
837
217
2001
1237
23
1727
1120
950
2238
1381
508
568
2117
693
939
105
1988
1668
2268
2063
197
2335
119
576
2285
854
1430
724
1216
1565
1592
493
167
1488
1464
2234
743
1316
2422
1695
86
2128
1234
1007
723
2233
1684
79
942
2338
924
1973
2511
2318
1492
749
1550
496
71
807
549
1426
1526
186
2385
780
1468
56
1650
2181
1912
1548
152
2223
1313
354
72
954
692
755
366
1286
2577
216
1857
2466
2305
570
1084
2569
980
1262
2024
1928
2041
1030
2407
2383
655
1850
2099
255
1564
1459
2506
166
2491
2093
42
2276
2068
1623
1000
2403
512
54
553
1895
2141
2393
1913
626
1911
331
1225
1726
2417
378
2504
1489
1348
835
1305
1884
1329
1852
1705
2467
433
571
223
1626
1298
525
1720
771
1487
415
889
375
1088
326
73
2084
669
1627
399
526
2119
180
2210
1307
2319
1111
94
2187
1415
1500
296
550
1640
1678
1948
369
1661
705
1918
347
2106
1843
1044
299
1268
2293
708
2075
1711
1591
1233
822
2208
870
1553
524
275
155
2096
781
1019
1446
2380
1327
1059
595
2020
1293
2098
1346
1448
1996
817
2500
782
1026
1907
2579
1002
2188
343
1800
1923
2367
896
874
1404
355
1766
2570
1148
523
1622
1942
1731
1093
1377
2578
39
1956
27
396
972
1794
1536
2198
1261
1308
518
849
121
373
673
1691
1919
816
666
1423
1922
395
76
2399
1984
1674
174
746
703
1245
2246
844
2252
2377
1363
756
2092
842
12
1250
1656
1676
2461
1783
546
359
1648
902
679
185
2263
1481
562
2408
230
2314
113
109
2397
677
1140
1865
245
505
2410
1143
1166
2507
1985
2273
352
1606
1896
1085
1652
1557
2232
1636
1399
633
2363
1778
580
2456
382
1575
1740
297
2144
2537
2145
2130
989
2163
2366
2292
593
860
1040
2580
332
1364
1952
1989
2055
1079
1686
613
1185
997
721
2288
2046
2264
1721
247
2400
1455
569
547
2007
847
624
1359
2118
1819
1272
2344
861
1758
1122
2524
2040
2546
44
1597
877
516
107
668
715
792
356
305
1087
1838
1296
1929
1555
2266
1432
211
959
1495
2258
2076
1625
2452
1898
1383
931
2477
1831
483
2027
649
2069
306
2438
2353
404
1265
2147
1221
1777
2555
57
858
1297
1440
1885
783
1730
2155
135
1241
1340
2375
528
1198
1780
761
697
1657
1226
2114
2412
2307
2029
1600
843
1376
1994
1750
1106
769
2079
2372
46
2159
1611
1037
1412
2003
588
2567
190
1629
15
5
1213
727
1774
2554
2392
291
1390
265
1505
272
915
752
1855
575
2200
201
2518
2049
960
2182
1385
295
1189
674
364
1006
519
765
171
852
260
435
2557
136
172
411
2226
2573
2205
2088
934
14
919
1578
2002
611
956
1153
1271
2585
246
339
1569
590
1667
200
348
522
1748
1927
1523
2416
1875
2005
887
2270
1090
691
2435
992
631
940
741
1655
1134
948
52
301
2426
520
2016
1421
303
1182
646
236
126
1541
895
1041
316
1188
1816
616
2486
1462
1207
964
1028
2444
2391
1444
701
738
1936
2143
320
36
1081
2132
2451
1617
161
1690
91
1129
678
264
1506
808
2112
996
1770
2476
2177
49
1805
564
1461
1277
2030
1849
903
515
1187
147
1931
2327
453
1580
1358
1338
1170
1205
393
1585
2004
1639
1104
1210
99
1797
1408
2097
1195
2186
1877
89
1074
2478
1938
78
2108
1126
1905
1112
784
2470
1485
814
1820
2037
2242
928
1532
977
2035
2425
67
1881
1844
263
840
81
1401
592
1588
1103
368
2536
2156
214
1660
28
812
1866
2371
1529
55
2166
1950
1717
1806
1127
1834
561
141
1065
1521
388
1499
2304
463
742
1031
1995
376
2336
1659
2325
1023
1613
2202
1712
1924
2493
199
1160
2157
501
1507
2576
770
58
492
1776
1442
1260
1533
262
2240
2330
730
2523
537
32
1581
1392
70
146
1981
2411
414
1873
1200
122
1669
1124
1319
1099
1921
1498
1174
2350
1162
839
779
2176
596
1436
696
2220
2067
500
963
2167
0
191
1699
1439
1384
583
694
1431
2199
439
308
2302
177
293
2022
957
1519
1745
1870
1458
1136
717
1123
1567
615
1347
2473
1817
1946
935
2556
689
1078
2126
20
2406
1621
2489
2300
648
2571
2148
1856
436
1070
1966
2125
1975
1190
1033
2357
77
991
1279
620
1116
1837
663
1264
1456
417
623
1561
597
1724
2599
2057
2061
1453
360
1387
189
975
1230
2379
2430
937
1887
799
883
1940
427
1653
2095
1882
2113
900
2204
1775
2575
269
1941
207
1251
1102
1159
1510
1326
239
1779
2358
218
1528
336
294
2326
2545
621
224
1004
1508
2019
922
285
855
559
2195
1427
1097
1180
1969
1883
198
1463
1596
2244
1609
2107
754
1572
1095
1593
1333
1764
1269
1214
280
349
865
1799
1457
2543
358
2239
768
643
387
1248
753
1527
62
1769
1832
456
131
1932
1723
29
916
2050
1790
1982
1971
622
1379
1899
560
913
987
2227
1680
240
2269
125
2183
1299
1546
712
951
1130
1672
1772
805
1612
1746
1330
1471
