1688
2134
1463
815
1530
2119
2124
234
1407
2486
2155
2319
1304
1752
380
125
1315
1811
828
2257
1771
2585
2453
914
2269
654
673
2130
1915
1415
2426
1168
1056
2298
1361
938
1829
2493
1039
2444
2278
1780
55
808
2490
382
817
978
1894
730
1316
276
327
2345
1617
1990
2420
2396
1639
573
837
2427
2457
770
1977
2564
1924
433
858
163
36
2467
364
1313
2057
242
322
977
2064
606
1875
1604
2188
306
2201
1300
1492
625
332
1281
1038
285
2505
2482
1137
583
767
402
271
2015
2432
790
467
480
1480
500
321
768
823
1596
898
1541
1833
1659
1092
1608
984
65
2245
1892
2229
348
789
993
1660
2519
2398
369
1611
1655
1330
1545
277
999
748
1403
14
1170
1019
1700
1658
1603
1075
1478
1720
665
2441
1671
2395
1275
1065
216
384
1151
1159
1088
998
1436
1942
2
2267
2121
2218
1245
1498
35
1486
561
553
1052
284
2017
1227
2288
766
288
24
1816
2087
1223
729
945
981
763
106
1812
994
310
2544
1802
1631
1849
2292
1355
317
2411
1854
1956
190
2504
1449
1225
1066
1962
1766
1522
1577
832
2476
839
2558
1757
1004
1053
2414
254
390
937
1388
32
2459
2393
1983
1130
1681
2165
1769
1978
2158
208
2332
1178
87
507
2455
246
1005
1183
466
2161
877
2454
83
1116
1114
1809
1806
776
1166
1830
2340
786
956
2250
2011
1354
1097
1055
1238
1068
2526
1027
204
1954
1613
2067
461
2096
6
907
1756
143
1948
1960
569
374
1479
905
1181
1580
334
1392
1781
556
1337
1150
743
2539
206
377
582
506
2117
878
47
1461
176
1050
2571
88
1704
1624
2363
1848
1958
175
2362
1922
1289
2440
2548
2424
1001
846
821
840
397
2592
616
1043
1200
1475
2091
557
2059
1670
1763
1455
2008
2317
1491
1668
1737
2346
2217
741
183
2265
264
220
2047
263
1297
895
324
110
1856
1701
117
420
270
1375
903
2463
1484
707
2495
900
156
931
1866
1013
2355
926
1620
720
1508
2186
1768
2222
1988
265
599
2036
103
44
1564
2550
2066
1606
941
71
1067
453
2120
1628
2587
672
660
1135
2547
1963
1224
1556
523
1588
227
2354
2549
2240
717
2145
1597
1247
2574
1711
2054
230
1020
2237
710
1640
1717
307
2183
2261
2375
247
328
1190
1261
165
2576
1007
1581
1179
1839
2565
2097
470
1852
1882
1214
1158
4
1367
910
1502
2365
2595
1533
695
1277
1696
1921
565
305
724
2043
417
624
1410
958
1743
890
1204
121
704
2401
726
7
648
1211
41
490
677
740
109
169
2384
602
339
1347
2421
229
1729
687
1389
1590
2531
1523
934
1985
989
804
1825
886
693
2500
1792
874
1208
266
401
1513
1051
1870
1582
745
1920
231
465
1409
1698
1279
629
363
1893
908
1319
800
141
1453
205
116
179
519
1393
2023
1109
225
280
551
1180
2338
2151
23
2083
375
2372
325
497
1733
811
2501
2235
844
460
1514
69
1623
2514
286
525
59
2006
1973
1394
27
1101
291
168
1299
806
589
1429
1264
2515
1108
1378
1827
647
2599
2536
287
974
158
1022
1341
696
2116
1872
1187
1897
1678
2342
1501
2478
756
331
1969
111
1574
505
2030
2178
126
771
1786
2485
601
2349
2132
1909
2380
1194
2230
330
1679
1266
773
1099
97
2291
511
1583
1511
1206
63
1783
1063
259
2296
78
2227
522
342
2517
1638
750
1320
1444
924
585
1226
1254
1593
1527
1346
1716
137
9
1552
675
2219
849
2150
491
2464
1970
1964
1417
952
1343
2024
2311
2220
2253
542
496
2320
664
2020
2281
2386
1192
2545
1445
1824
2088
711
1169
495
1464
737
1298
2223
2287
1412
2000
1741
309
1996
1758
2160
336
2206
1746
1965
655
891
76
682
1651
46
2369
535
545
965
1220
1216
578
1998
2305
100
1966
2058
1368
1228
2578
2262
1621
314
788
2334
1441
1822
2026
567
1142
2106
2180
1324
2351
1249
615
1633
182
1016
2034
718
918
1456
2502
82
2376
1489
1933
820
1240
716
138
1079
416
160
2406
1637
533
1652
2413
1188
1607
1040
409
1578
1034
2068
2402
96
1675
1148
1462
613
118
1251
1797
2400
864
2491
2389
917
2284
1174
2203
1727
2082
1975
995
1650
2018
540
1586
235
1536
341
2198
758
2303
2428
1694
515
1732
1918
1023
1775
1111
115
1525
985
1446
947
1350
593
742
2560
1468
1046
1384
2142
2388
548
754
1025
541
734
136
1905
810
2475
70
1559
882
2050
1433
2535
736
93
1118
1246
948
2028
2246
98
2443
859
1495
1951
603
683
1202
2297
2118
959
1259
1070
2022
1940
1258
2543
1390
813
1140
451
26
1049
1077
1762
2479
2446
635
66
1538
2185
2061
854
2248
345
875
807
503
1685
1745
1884
2385
2146
28
1494
1199
1209
1714
252
1886
2489
1318
1048
1117
1818
2460
31
869
2300
1400
532
2577
746
1105
1632
1976
1789
848
2172
2522
2594
1253
443
357
435
2512
1718
353
2379
1793
2518
56
1477
153
1103
1779
2016
34
2293
2173
487
438
1386
2249
1124
2268
1094
2452
448
1911
2407
2113
1328
1381
1955
1841
298
425
290
1625
407
2045
2166
1377
1953
1160
209
1967
1616
1193
1236
1874
2423
86
2416
124
1785
1080
1382
1278
856
217
1900
1912
155
311
2090
967
2410
73
2125
1112
2241
2019
5
392
1342
2481
1889
1666
2434
2089
2071
1656
825
636
1654
2270
1796
1693
1750
2147
2195
1945
2425
2174
1642
1035
617
337
145
698
1000
2085
1753
1171
927
1784
423
186
1459
2383
439
77
2279
1851
2350
1500
1821
1242
694
269
2579
1519
1205
1122
1669
2353
72
48
144
1600
2252
135
916
1879
456
1284
2326
1286
2139
2299
851
2169
1154
2003
1182
2572
1570
2408
214
49
2104
319
1458
162
2207
794
361
749
1677
107
2232
772
871
592
628
1451
706
1191
590
595
1949
1141
2507
2451
1968
929
504
969
2194
502
1689
1273
887
2499
2046
1177
1710
814
892
1699
715
1869
127
873
99
2330
108
413
1823
432
560
1528
1374
897
1690
2477
1855
912
1553
1288
1672
2069
1426
1306
2196
986
783
1773
760
833
1919
1837
1331
2403
102
2038
701
2105
964
2566
2274
2209
2122
747
2523
489
476
2176
1396
442
427
691
1661
688
471
114
2312
670
714
1353
372
1938
1888
1395
566
2175
8
1867
1467
679
283
764
574
2596
2352
482
954
2356
1069
64
1723
444
1800
2144
1610
1058
166
650
1524
62
1373
1947
1722
2079
2131
1567
1748
488
320
980
2009
481
406
2224
1838
805
245
652
2177
29
1871
976
468
1327
2382
2283
944
1487
1546
723
1794
735
2063
2582
1164
598
455
313
2466
1862
2233
281
2361
316
1085
866
1895
2192
2264
2077
2243
1372
1301
1370
2333
973
780
1543
1305
1526
600
968
1687
1303
2159
2080
2103
2516
889
705
1363
142
2247
450
1908
53
575
1072
430
2101
1584
728
2469
2112
185
399
646
812
2004
226
1891
1760
437
2497
960
1280
2360
1706
2156
850
1203
618
1243
885
1843
1842
1644
2055
2546
2236
2358
1146
2563
349
258
2335
1271
1703
1730
1618
932
554
2339
769
1448
1589
1561
1846
580
203
962
1015
43
667
2553
196
1845
663
836
207
2108
703
2569
1634
576
1176
2557
2343
795
1791
797
2483
238
1360
1850
1196
422
1572
607
2431
761
1676
315
458
1006
1041
61
1321
212
1427
441
1864
1127
612
1428
2092
1503
211
347
2418
2126
1557
2193
1366
1734
581
2286
604
464
2437
829
893
597
2256
530
477
1697
199
333
2277
733
1201
550
1609
1643
1379
1323
645
521
2053
408
971
2039
395
2391
1090
221
651
1813
1091
1110
1380
1029
739
626
1876
152
1434
1667
219
1416
656
2204
1481
479
1877
2199
188
1184
727
1471
1899
240
1081
1563
189
1861
2100
2438
1943
1516
1984
1499
1447
1664
1913
2597
668
475
1647
1268
762
2149
642
2524
611
1728
1359
902
360
15
2591
942
391
1404
793
536
1835
738
80
2012
139
10
2035
1880
2357
1901
1844
2133
2344
1482
2373
2537
181
901
1210
85
394
1042
2309
1952
2324
434
1648
1485
2162
1787
1719
2137
1683
58
537
2529
686
1076
2010
1550
2094
1645
700
643
2541
1547
2520
867
2308
1217
426
1817
1663
847
1231
653
1061
676
1430
2429
352
1692
539
1959
1282
2329
1011
273
1542
302
1987
2568
1858
191
1057
946
657
1098
210
1902
1731
922
2072
492
1961
1740
415
1155
1115
779
11
752
2228
366
2081
1810
1121
180
60
2448
1221
2115
549
955
498
2399
570
1414
562
241
1904
2575
1195
1774
1558
1937
2014
38
1715
128
2260
92
370
637
473
174
527
1836
888
2337
1576
2586
2266
1826
1248
2415
184
279
2033
1143
2231
2472
1344
1074
1424
2141
303
113
1473
449
501
529
2099
200
1857
296
195
1764
215
1432
329
387
2525
1411
1747
151
2109
2060
1309
1442
1795
1702
1017
355
1139
2336
379
709
378
2143
2316
2487
256
167
1744
610
713
631
1219
428
796
368
605
19
2056
1425
446
405
1770
84
1012
744
1287
1215
1936
1595
2484
454
778
2371
509
2042
1537
1008
1086
991
921
1185
1798
2554
1294
661
1713
340
880
2325
268
1724
171
2439
2190
177
546
1974
1549
1064
1568
2157
2473
2041
202
792
638
2494
1030
834
662
2244
1285
1995
1018
1256
12
2111
1239
1881
819
1532
2442
1507
478
2102
2290
1260
658
865
161
1686
257
1535
2002
1391
1898
1754
1420
1831
1308
2461
1814
2567
620
358
429
396
431
2313
2496
1156
194
2552
1808
2127
1357
1914
514
2084
1348
1521
318
1213
2294
791
1093
801
1649
1234
1071
1490
2164
2555
1890
1152
2456
1573
365
1095
1157
843
150
894
1385
966
2129
2542
1883
1941
588
1944
1735
1927
1930
2538
289
1544
2540
499
411
899
640
2048
911
1031
129
2295
1993
1636
2378
1149
2323
2377
787
308
822
517
2093
147
1408
1084
879
18
684
719
57
2197
1565
512
1665
1896
2271
2367
1777
2583
659
149
2306
1555
939
1413
1106
1274
619
132
1265
373
90
1512
483
544
2285
1840
1352
1244
920
1591
1362
571
2302
1853
2191
213
1338
1293
757
236
1257
1033
1946
1325
2449
292
154
1371
699
178
2573
2259
2528
1450
350
1994
2040
1272
1358
1443
2074
2210
2368
674
2509
1505
2051
972
2238
1997
74
2021
193
2397
2447
2488
170
2328
1991
462
1419
2272
91
2433
1935
1339
568
621
1406
2029
2211
197
765
2590
469
830
1801
784
809
1138
853
2110
1387
689
50
2492
802
2065
201
1778
414
774
2152
134
915
782
516
1229
1929
1868
666
2128
20
1989
1653
2530
224
725
1981
2581
852
627
1059
1709
777
1982
412
2025
913
272
2470
2315
1311
22
253
841
816
173
531
25
1133
951
1296
1761
1819
872
1510
1212
2409
1635
781
2213
842
669
419
1799
2405
326
1255
970
1594
1314
248
2521
2170
1691
1435
2148
187
440
1684
1767
1815
312
2005
1602
799
1847
2032
2208
1232
1759
2098
572
935
563
1397
0
2562
584
459
52
702
1096
2422
925
1708
2044
2503
538
2417
1712
1073
1082
2436
447
2168
1828
421
1859
1421
1903
685
2593
2598
1026
632
1878
2189
282
1326
2221
1518
1250
393
1021
2052
2584
1873
1493
963
2242
2511
1695
2123
824
2049
13
1134
335
1175
1295
2462
2078
2588
2390
1405
845
16
936
731
1619
943
1126
445
2254
923
1705
2073
987
39
274
2037
1128
1153
2498
1418
2374
131
2273
1267
2167
2513
1560
1002
228
2154
2321
1334
1044
1136
1312
818
2184
1587
1657
1885
708
120
732
1120
457
997
2348
218
1189
1009
1599
388
751
2275
1235
1283
1832
262
1932
1598
1466
1928
826
1438
1646
722
133
2163
1333
1950
2551
2205
1131
1539
1054
1939
359
119
1569
1551
1399
558
1317
883
403
1351
1003
1032
255
474
95
1575
1398
2076
1662
861
1078
803
857
452
681
1790
633
1060
1439
1592
1605
494
2307
192
338
1014
1739
1197
940
1721
1736
2559
356
983
1356
1585
712
1529
520
2341
1496
2347
1751
294
1807
2580
692
1765
862
1474
930
42
2589
988
1172
2364
94
233
798
301
354
552
1440
1742
868
2095
831
385
2412
261
223
400
1452
1504
1571
260
1100
2140
68
37
1863
896
1601
1776
1682
1291
2556
1865
1125
2181
1310
2387
2508
2366
2075
2239
2251
381
2027
1805
2419
1132
1270
1186
1726
1144
591
1292
1531
383
251
1230
928
1113
122
2506
1629
1614
2276
2013
1336
300
979
2289
376
1454
1145
463
904
587
1534
1457
1680
2480
2182
2381
2404
140
1329
371
1423
622
2263
1860
404
547
2214
1322
2510
1290
1627
146
2135
2007
2465
1237
1483
2212
278
243
1465
2327
518
346
975
1630
1641
45
89
1376
1269
2136
1906
1401
1437
75
1340
838
123
30
304
1364
