312
2439
2052
1707
727
16
1684
2381
983
1172
156
49
968
687
1263
2466
1124
2561
412
1257
1287
96
362
440
2415
1175
969
1281
800
1359
1131
1751
1821
361
246
1297
326
66
910
158
824
1114
594
272
2461
534
787
57
384
210
1911
784
2002
901
2318
853
1289
1710
1982
554
597
1430
485
2183
1510
677
295
2565
379
2034
1975
491
2259
1209
2460
1084
2421
950
2223
2214
2379
2047
1315
2173
2266
2030
2038
179
2011
357
73
2339
766
953
2590
1299
127
2441
27
1003
471
2025
447
922
1880
1053
2598
2311
1972
1731
1590
2564
466
1524
1644
1622
576
717
1251
1567
2456
1022
436
1280
1048
905
299
682
1755
1866
2404
1578
315
1250
871
1394
592
1532
609
1125
664
978
367
0
1874
1679
861
1668
1337
545
334
1288
1918
1554
1276
1308
350
1598
1453
117
1983
1769
1954
1615
1705
1018
648
589
252
1953
771
1475
1727
548
1442
857
1757
908
2452
1794
1013
768
1088
2341
1037
1582
699
2470
2508
2586
2081
473
2548
2420
1009
212
1721
2018
2260
814
2357
1570
1086
2499
380
709
2212
1516
425
2115
1993
1645
492
986
1002
1214
72
1418
286
643
1188
197
377
991
608
1967
2057
219
298
1587
132
541
1256
7
230
176
747
1121
1703
722
2478
931
200
1809
1753
2488
2453
206
2001
1389
2558
2585
1557
1744
2450
755
686
1854
1041
731
1779
720
2297
542
1431
674
279
1502
394
2540
195
1580
679
511
1273
2346
458
852
1659
474
600
1153
2071
553
209
398
546
1990
711
464
1331
1356
2588
785
623
1867
2539
397
1340
2221
1390
2062
1206
2069
1667
2481
1035
74
48
1819
1676
204
631
342
1605
1653
520
760
1101
2555
580
638
181
1231
1412
1984
1202
2338
163
1036
1112
1462
616
2050
1501
1484
1208
1486
333
190
1899
1137
2198
344
1
1126
15
119
418
165
1885
1407
1145
1414
2370
1413
1626
1902
1871
1366
32
1457
2021
19
2422
1802
318
706
280
1158
1115
2180
1235
891
2416
1237
446
168
1685
1855
955
519
834
1662
1236
2046
1415
868
108
2359
488
804
2218
1313
2105
1258
427
1134
1790
933
863
873
75
1097
822
2093
327
1959
2187
1923
1756
708
1553
513
1136
1640
531
1664
1647
1537
1272
2156
855
2004
865
2055
1521
1575
1876
641
758
2079
81
803
450
1449
617
2088
539
38
291
381
1189
1813
1118
433
564
270
615
150
347
1417
2119
2476
2437
2236
475
304
602
378
188
1455
2477
2248
1305
2042
1887
1040
611
614
2531
224
1724
773
2308
959
790
651
1477
2419
956
1673
1245
501
1327
1174
410
1651
1229
2199
2554
567
568
124
20
231
2407
903
1900
97
1861
2134
462
1122
974
1107
779
984
62
2280
1922
1938
17
826
2153
1294
1830
793
337
1450
1833
2436
624
2295
2579
300
1749
1314
843
1049
1487
2258
954
1591
411
1726
2397
712
25
1910
1715
951
1290
1881
1292
860
152
1160
654
2438
1840
516
2070
100
159
1008
2063
1699
1139
1606
753
123
2140
184
1886
345
2206
1743
1907
844
633
854
2277
1633
739
2544
1226
1254
1540
353
1604
569
47
1777
912
740
2342
1060
2398
944
2435
1058
1170
2469
2547
1179
1607
2243
817
2175
2234
2323
2426
2463
2349
1943
2363
88
1927
906
599
2150
1241
566
2192
894
1818
1736
1441
480
186
691
2082
1931
1614
2244
2282
764
2269
1654
604
102
1369
1489
2186
1435
1838
1156
307
1197
98
2458
1307
1810
694
1493
431
1286
2492
1617
383
1798
341
2181
2443
2406
2543
938
1026
973
1020
1252
896
1951
476
572
830
958
634
2167
1344
1019
644
494
2207
1155
547
1386
612
1738
2053
2200
2176
162
2577
2526
2155
898
1526
477
1324
1631
1704
783
1050
2142
1169
332
943
154
2087
1113
2504
331
1890
2447
2399
1211
1255
392
254
2238
2313
1405
1304
1932
2455
2576
1964
728
2255
316
348
1100
1078
1742
1806
303
2162
1335
1973
917
549
441
1788
1616
1066
1217
629
2131
2014
2418
2023
1219
874
995
368
2256
8
1677
1099
2272
778
140
1498
1328
400
2319
2262
1239
982
107
2542
2593
818
1269
909
1339
63
578
1451
1446
2261
1551
1817
290
1108
570
524
5
2208
202
1436
662
1693
2353
1392
846
461
543
2072
887
2433
2584
2089
2120
1039
1075
1666
41
2321
540
1760
1492
313
497
1552
2563
1952
1232
937
1063
815
2506
2483
1247
971
683
2523
2496
1329
396
1898
2059
1410
2229
2290
2125
180
413
1147
42
963
486
1146
147
573
1763
967
1936
2298
1989
902
1687
175
797
1419
51
2330
688
2403
1921
670
1766
240
487
2327
684
28
741
235
408
1824
801
1495
2056
945
1130
1844
1210
164
1397
529
1334
1081
2427
153
2117
636
472
198
1960
99
593
256
1090
1863
2310
2271
233
1712
40
2076
2467
157
1365
29
2392
1732
700
875
1879
1538
831
1456
2067
2204
1310
2391
1857
226
2154
2385
1051
1093
129
420
1658
141
1891
2092
915
1906
657
2333
1068
2514
1080
1563
2328
194
650
145
1333
1381
1476
1478
271
1010
2432
2395
1520
382
2472
2580
1979
2116
1338
1901
528
2309
2301
1912
2174
1298
913
1859
1576
1593
2145
309
1204
1848
1011
409
2516
1878
893
2372
2557
1077
1207
2242
997
2091
550
149
33
311
1422
515
533
1201
1793
1623
537
1569
1373
1167
1396
2497
1371
1332
445
2522
1869
2408
1181
2594
1792
2124
1278
115
1928
1398
936
2299
1969
2083
856
1517
1391
136
1706
659
1735
2141
1024
422
1661
1194
1995
1270
1200
9
972
321
1374
507
191
2536
666
187
463
663
266
1977
724
2513
1467
2104
1761
1915
1347
1635
2581
484
268
521
514
990
1812
1094
2485
2196
104
274
1754
2237
1670
527
2390
2402
791
977
613
1268
182
923
2114
930
579
1561
1795
862
1316
1663
493
1341
693
832
1355
2165
2417
1351
603
715
323
2560
1739
1282
1632
882
886
2224
827
285
2462
777
2373
1980
1811
577
2039
1506
388
1309
2024
1776
743
1588
360
505
479
1141
1106
1801
170
1767
1564
1697
297
2532
1015
2337
1714
1364
1052
1965
2279
746
941
536
1525
1702
1897
2103
2075
1572
1665
438
582
1452
428
1234
1925
1385
135
264
1778
43
215
1574
456
1634
1648
1388
70
2132
2245
395
1888
1480
46
1860
1163
87
1444
1029
261
2325
2377
1320
786
1007
61
2210
320
544
454
116
2051
338
1470
701
610
2575
4
823
1358
1787
1098
996
2170
883
763
2249
1764
442
95
1393
1627
37
1140
756
1515
1797
2149
2530
2182
1944
1223
1437
1054
131
76
2401
1306
1750
1611
985
365
434
1929
1001
892
2571
2350
640
2512
2241
2211
110
2111
2583
250
2502
535
1842
80
2274
1031
1027
1260
1357
2345
44
2537
2281
2355
432
1545
2163
2099
444
1562
1828
2550
848
1690
1463
1400
1119
1494
1157
169
2130
2503
221
2498
293
1978
481
1968
2152
1176
517
2451
1745
2312
2326
1894
2041
837
1883
2213
2582
2431
704
1618
879
277
2491
2217
2222
2300
1006
1814
1716
2383
1042
765
1111
1087
2473
2026
802
343
1919
1069
890
1850
1548
1970
1589
939
1689
2374
138
121
1291
620
1791
478
2351
557
2095
1343
22
932
2334
1650
2013
171
2574
185
730
1479
1151
1870
1835
389
2195
2020
1832
1173
1104
1770
774
1531
1542
605
405
976
669
1603
2273
2184
1713
925
1939
927
1746
356
1649
2044
1674
192
2291
2209
401
500
2457
718
1837
2343
2352
1491
1946
449
1893
987
21
705
207
1985
660
2
1426
237
769
632
1942
2568
1279
1399
1132
1672
1416
1535
1142
2396
390
1586
1284
443
1853
45
228
1162
2449
1109
1183
1971
820
1717
518
1067
2035
1720
2490
2572
647
1458
1680
772
148
805
1725
245
1733
2475
2028
1851
2393
707
2264
2112
2428
1831
1579
2509
957
2045
1683
1630
1074
1401
1187
2500
2049
2292
1438
530
1976
2501
1212
1783
1428
2465
998
2010
2188
2265
1892
423
1780
2445
2074
2578
1571
2048
2247
1841
2197
1534
1429
111
601
1038
775
1895
994
789
2423
1519
86
2254
981
1905
1383
2519
1585
391
112
606
993
1471
1384
1230
583
1958
229
1128
1723
1481
2168
2073
2278
1656
1159
911
1629
375
1005
770
989
2573
2022
1079
2166
2358
1303
2322
702
1468
1800
35
1433
249
2442
93
675
52
84
558
2454
2559
386
363
607
1822
53
2239
598
1509
655
2459
453
260
1196
1348
376
1368
1323
322
1945
26
459
301
1248
1937
1796
223
130
1999
502
213
2376
1387
2354
723
1421
457
178
737
2126
1762
2065
262
435
1102
105
2315
2113
678
137
2268
2533
1490
2361
810
729
1205
1896
1698
1652
829
2233
2061
1543
1264
118
1926
1059
1372
1991
77
244
828
82
1523
841
146
1839
1583
24
757
2380
752
296
2129
590
1961
2275
220
1601
738
1182
1856
314
2524
596
2285
2027
2538
407
2058
1708
946
1362
1917
1639
201
748
1073
393
6
1775
788
2487
34
1541
415
2084
1600
328
55
1123
876
919
2317
439
90
671
2375
14
173
849
1424
1845
2090
1873
2015
1637
1694
2100
335
798
2517
448
1503
166
1994
565
676
1377
1472
1560
1408
1445
895
2360
2387
1354
2284
767
1240
243
71
759
1573
628
36
1261
106
1947
1085
1330
267
2216
561
2110
1095
1321
1722
2306
2382
509
1044
373
3
721
2335
916
2005
2551
503
656
1150
208
498
1439
2040
1046
269
1815
1192
1152
725
872
1602
13
251
1625
1302
661
2185
1379
358
928
324
2480
1406
30
2329
1781
1178
940
1728
294
142
23
749
2205
1203
2151
2528
417
1070
1296
2227
126
1016
734
1619
364
1057
2250
2029
1963
421
2527
349
330
1852
2347
1511
2118
1846
929
236
1785
292
1199
68
1300
1274
2201
2161
2107
2570
265
2178
2425
287
1083
2388
196
1774
935
1161
1427
1935
680
56
736
1117
2220
419
371
1847
897
451
1786
571
1483
1215
2043
2366
59
1127
113
1827
780
2225
1816
2296
2219
665
1116
1012
782
2305
1669
2369
2371
103
2304
79
2068
2486
845
2106
1682
1858
1350
1496
2482
626
703
1425
1584
1443
2471
234
2448
2086
2190
1056
795
1843
1768
1882
1592
437
278
685
1014
259
2592
214
2094
1955
637
455
1609
2474
1933
952
2303
551
2007
1500
999
964
2414
1820
1138
1482
1544
402
2389
1642
1047
2096
1804
742
1220
2510
2336
452
1948
2489
2535
289
642
1133
1363
2085
1696
1825
526
352
257
2138
1023
2033
2012
94
2283
877
1889
366
1238
1092
1877
508
499
2507
227
2226
1360
2144
2521
222
238
1686
1805
340
563
1556
1692
1862
467
120
1185
581
525
2444
1547
652
1243
776
1045
276
1594
750
1773
2430
796
1808
726
1198
2288
960
177
2060
2378
329
1568
2232
2164
306
1129
1259
2016
1782
1409
1737
1916
2365
809
2172
2202
1336
899
1758
1349
54
1620
2546
284
799
1061
1565
1177
821
1988
369
807
926
2077
1195
2054
217
1065
840
1380
1930
921
1460
762
965
263
512
1834
1285
1180
942
1464
1621
2066
1459
239
1440
1262
2556
1657
2036
1789
1244
588
552
2108
1595
2246
354
465
2400
1311
18
1522
374
668
1166
1700
1546
151
125
1071
692
416
2344
2017
426
1089
1747
1277
134
242
1082
2413
1190
205
1868
414
2362
1799
975
370
2307
961
67
1941
1962
1981
962
1997
282
880
2098
1318
2587
1949
1403
1055
639
1367
1096
1641
1326
924
2525
2032
1317
460
2464
2410
1865
1986
1312
2409
1164
430
586
1411
560
1914
619
1221
1505
587
1184
618
317
1361
161
12
2169
672
1497
1599
1135
2287
1370
1301
50
2424
966
1382
696
1293
2231
2143
69
424
1432
681
1719
1765
744
869
2122
482
970
2545
825
2479
1064
305
199
2179
719
2495
1998
2394
745
713
1660
339
1225
2253
988
1864
2127
1267
489
2505
325
1681
813
2240
979
183
1748
555
1759
1224
1823
1992
1266
1072
1718
559
1577
1559
258
2567
1711
1325
1655
1636
1404
885
1610
2494
2324
948
1957
218
1849
2386
1110
1504
189
2405
1741
621
1514
2080
1608
1671
2596
1549
468
622
2146
167
850
2286
1807
864
1508
2595
816
1295
1784
372
1473
710
732
2135
2332
1025
2589
58
1826
1021
884
122
1353
838
646
109
1539
1154
64
1143
794
808
174
403
835
1903
155
308
2316
2064
1740
2194
2133
1213
1701
232
1934
1352
2097
1987
585
1448
1488
1375
2078
1120
2267
689
172
255
65
2534
754
2263
1249
575
1678
336
85
714
698
556
2139
2006
914
1017
2518
2148
1233
888
1974
1144
160
2159
1149
1032
900
1675
2429
658
2529
193
1920
918
1872
2147
562
2553
1474
1447
1709
812
653
733
1513
1940
819
1376
859
1218
2289
