314
260
305
493
755
327
42
117
7
66
332
190
479
93
636
717
440
458
262
62
131
241
617
72
573
194
516
468
704
462
714
399
424
47
76
316
767
505
98
605
488
377
439
270
628
700
234
688
553
620
229
367
725
250
672
602
408
648
398
484
749
475
14
84
576
471
380
600
5
525
173
564
25
434
330
514
422
421
338
63
482
404
335
448
730
450
575
643
79
186
248
715
444
12
726
654
204
449
389
340
309
489
546
217
565
191
37
358
70
519
69
753
361
151
500
517
374
0
394
108
50
759
256
431
21
137
660
427
287
624
556
372
535
735
615
162
761
665
662
651
294
418
222
676
378
1
486
746
302
220
607
657
680
308
586
507
579
347
291
453
35
387
671
587
120
669
322
46
311
765
179
758
724
134
51
407
271
348
640
144
689
644
132
318
153
74
218
713
232
533
699
719
172
106
55
60
247
349
171
113
371
243
31
455
574
416
147
58
152
570
276
506
23
187
694
211
68
293
227
156
224
301
208
496
57
641
698
355
630
128
221
729
81
687
343
548
580
521
589
352
133
626
632
599
78
638
673
29
326
109
762
710
764
538
392
99
230
54
639
567
655
563
279
336
577
298
515
8
77
518
259
536
452
554
9
544
292
631
100
148
509
760
328
591
30
542
611
71
246
75
261
263
351
359
406
210
596
572
526
709
188
126
531
552
266
693
104
139
116
127
707
571
252
737
686
313
273
420
756
557
333
623
307
428
740
90
523
483
465
454
608
122
245
34
501
472
40
593
436
435
384
283
594
6
598
201
410
582
163
423
53
44
534
350
733
400
442
706
112
268
239
558
189
357
459
622
381
702
10
551
59
504
581
368
691
537
391
288
272
177
456
285
492
742
325
532
182
414
677
195
559
447
502
429
606
52
629
618
477
621
67
547
364
457
129
200
402
656
473
91
721
264
752
146
543
331
138
199
379
115
258
512
430
661
588
209
300
445
716
164
215
696
4
228
413
49
754
140
653
652
236
312
39
290
87
411
80
176
610
666
370
366
732
257
705
3
503
102
2
426
739
354
539
274
478
253
476
619
664
470
306
223
24
684
409
438
160
280
41
520
356
319
123
192
165
28
299
405
296
650
38
89
635
149
609
105
647
678
560
324
469
747
555
329
323
166
541
595
161
103
170
718
345
494
159
467
339
461
150
114
219
317
550
682
403
728
751
295
202
415
136
736
681
198
315
65
711
604
22
685
668
111
145
360
142
649
748
497
524
592
11
433
43
499
741
226
92
205
107
613
385
745
269
135
82
231
174
267
64
670
61
175
561
645
284
395
597
341
568
130
238
382
723
88
167
712
562
362
20
720
321
141
522
101
464
26
545
540
738
207
16
157
373
278
185
625
487
346
474
744
206
119
633
251
701
216
45
446
94
56
169
498
727
601
386
125
731
734
181
158
757
36
679
583
342
18
97
510
463
614
255
33
412
603
143
180
566
390
417
549
441
432
695
365
481
155
237
214
388
19
612
281
96
528
353
425
397
13
110
616
27
722
490
674
443
184
527
17
585
73
334
466
511
646
235
233
383
460
304
495
667
