7
220
668
439
519
114
495
0
414
266
666
767
123
615
485
620
35
492
659
267
535
708
694
93
244
281
165
312
216
14
320
633
91
409
66
224
691
557
703
624
152
287
325
512
251
551
8
493
649
363
652
153
623
684
324
335
731
729
99
739
399
260
621
342
53
619
428
626
115
367
642
585
344
184
37
558
385
192
349
258
64
700
82
498
545
317
386
185
745
59
231
263
178
159
683
65
290
20
664
663
687
248
381
589
279
228
158
697
516
733
189
109
460
509
582
416
539
529
609
572
166
22
203
444
406
755
142
380
415
261
402
176
400
690
474
433
656
480
112
645
31
214
547
110
679
590
124
84
265
669
274
209
113
313
532
277
41
46
253
39
737
44
232
309
418
275
602
639
631
481
111
315
699
136
478
757
507
104
741
352
30
543
117
288
404
202
181
622
413
727
223
63
718
766
670
328
522
491
698
613
24
28
80
331
141
706
199
196
361
591
606
383
339
449
60
282
238
250
52
132
389
486
314
15
603
67
673
357
347
25
286
384
612
103
289
411
742
709
559
398
106
513
12
382
72
144
445
747
259
466
242
340
390
98
722
580
306
403
511
155
476
129
108
76
268
424
658
90
550
205
218
79
627
247
459
121
130
601
715
225
133
716
206
300
38
426
434
379
302
567
541
473
373
562
19
48
310
177
227
154
100
654
179
497
360
574
579
135
751
148
422
447
301
598
387
721
83
285
396
667
553
641
226
506
26
276
321
62
134
597
738
764
125
616
137
57
211
354
75
297
405
78
13
561
18
692
291
548
213
448
419
394
518
243
744
517
92
6
644
198
146
685
356
500
554
69
350
147
560
105
157
375
11
475
50
167
47
235
355
734
711
671
456
150
217
322
524
462
210
464
468
296
661
201
440
736
139
395
122
131
549
760
689
70
378
681
3
523
151
607
54
608
371
9
588
34
174
536
565
245
754
555
530
307
81
748
740
303
583
374
327
758
40
534
720
294
577
503
272
425
329
187
241
42
170
719
540
292
397
569
421
156
712
162
160
571
234
1
531
362
222
171
546
484
436
470
252
2
514
634
725
336
304
494
175
695
604
600
33
746
638
337
195
89
86
240
359
753
657
732
149
188
249
521
126
455
392
107
743
556
453
401
648
714
233
17
298
707
544
643
370
467
705
573
704
610
200
650
36
443
526
145
430
723
372
646
617
318
338
23
528
366
143
330
326
194
442
458
27
278
693
246
765
388
284
593
432
655
71
446
215
353
269
568
647
68
420
256
94
376
407
525
348
186
636
605
333
264
504
29
632
628
230
490
750
96
483
254
271
586
391
596
334
662
505
219
43
45
55
552
229
756
629
97
438
496
564
465
408
308
255
191
451
116
717
594
450
345
702
280
10
236
611
102
283
346
305
501
429
368
728
508
630
587
479
221
237
454
341
190
678
437
316
311
204
672
182
51
427
618
488
161
665
675
140
299
95
576
295
660
680
599
635
5
273
759
570
686
677
452
710
762
61
515
358
533
575
293
377
688
32
410
412
351
563
74
477
169
581
542
119
49
487
319
537
88
128
257
197
726
701
