599
713
350
457
565
182
309
403
136
705
222
154
363
510
230
677
596
586
277
587
340
40
373
146
435
522
708
4
727
356
220
623
475
631
507
145
5
515
703
141
193
228
274
284
509
530
418
158
550
538
446
483
750
468
454
518
462
687
74
425
643
23
369
749
698
137
225
180
19
532
706
167
226
261
709
54
77
504
70
647
477
313
212
717
168
172
127
83
347
318
170
762
86
740
366
651
107
684
181
595
229
605
215
496
142
192
582
679
196
120
121
194
10
671
539
164
134
302
362
29
488
696
195
354
33
8
467
662
162
88
135
622
357
280
638
560
160
65
281
207
93
458
221
30
519
528
417
660
260
276
491
224
100
301
76
246
80
764
189
387
408
681
571
531
67
231
384
263
453
487
171
664
344
34
720
316
652
372
621
564
234
669
133
190
568
502
161
636
757
68
712
320
52
476
166
188
328
644
118
694
445
374
413
183
511
641
439
383
273
114
338
466
690
128
69
310
481
293
272
704
216
472
495
490
31
725
367
378
661
734
429
311
286
197
421
43
163
75
692
412
648
524
91
211
24
634
3
105
753
165
396
591
543
742
119
675
393
721
386
99
451
156
598
28
655
217
609
670
629
140
49
627
404
499
103
756
688
392
106
144
755
332
390
551
422
238
153
546
428
398
521
264
11
51
718
203
73
646
409
739
436
506
680
558
554
503
630
204
60
243
97
566
594
610
269
289
482
81
691
520
336
85
389
104
527
741
500
57
738
84
432
447
415
342
608
201
614
685
112
513
653
461
430
529
176
754
323
533
526
604
213
143
191
199
58
376
92
535
649
523
249
113
701
695
557
79
689
108
590
122
420
283
479
516
210
424
419
333
7
737
322
348
575
44
294
345
678
724
38
262
47
87
130
56
469
312
174
707
214
66
569
448
567
177
397
253
124
668
414
763
391
719
288
21
616
650
497
657
460
602
572
385
270
388
606
159
542
218
259
256
300
410
729
16
241
666
455
303
431
426
632
456
570
592
682
508
561
563
205
349
584
547
525
370
326
129
50
625
82
257
20
343
364
149
659
686
254
89
232
335
505
187
61
22
198
285
296
175
9
169
116
628
132
64
443
583
279
358
247
1
304
53
612
492
359
619
640
665
440
315
319
736
489
26
45
375
368
760
759
553
185
485
139
18
308
95
321
290
219
579
14
577
395
617
767
588
607
549
0
405
39
110
722
314
449
555
766
265
131
593
32
401
115
716
371
380
94
55
715
752
235
157
292
63
327
470
155
728
478
117
514
148
442
394
437
355
102
711
416
548
329
635
251
377
493
42
730
379
441
6
325
223
275
41
179
597
227
541
748
486
123
25
233
474
200
751
624
324
37
578
732
656
138
710
12
381
109
299
237
250
545
697
537
287
434
639
699
298
184
178
562
726
96
463
494
248
676
626
48
452
339
62
438
758
317
266
613
459
556
173
291
98
484
642
615
744
714
761
268
645
295
480
360
733
151
400
242
111
208
27
633
745
540
534
334
702
90
743
585
654
407
512
672
674
464
152
573
382
353
402
255
406
209
307
282
444
552
72
731
351
13
