318
429
141
152
344
471
13
246
6
525
451
607
727
644
321
420
377
92
694
14
426
41
493
131
265
255
76
655
389
198
494
234
74
603
700
456
570
624
36
579
449
546
661
166
625
622
745
759
534
188
702
560
338
460
253
564
713
35
341
707
317
455
210
61
627
33
519
554
86
582
435
308
738
77
571
119
732
180
530
327
468
271
193
140
450
99
734
716
378
226
518
8
279
370
324
521
617
388
722
214
642
280
752
721
619
489
687
746
392
683
275
441
339
130
5
645
203
393
65
658
167
225
463
641
104
736
260
478
445
726
285
57
98
557
485
312
531
709
232
235
466
606
698
739
581
243
28
620
190
529
37
523
368
64
133
114
754
591
163
169
573
671
362
701
424
248
536
179
559
258
153
505
626
589
540
414
503
520
515
105
480
328
123
354
632
15
755
711
724
221
91
763
109
75
365
375
431
4
89
743
310
681
384
289
148
729
252
472
415
689
9
675
207
287
156
390
143
512
192
305
286
446
407
330
81
396
117
157
381
1
545
189
710
601
704
340
46
202
684
672
352
62
427
16
3
380
723
126
737
475
239
186
161
551
336
583
351
553
669
594
371
107
533
366
483
751
486
621
106
273
195
387
349
650
403
257
301
309
346
360
666
136
385
649
692
567
231
670
224
213
299
277
112
491
165
718
693
154
541
522
614
359
220
25
488
347
631
678
300
373
595
313
292
457
110
673
367
565
17
293
651
629
185
58
254
469
20
720
639
593
646
223
294
145
677
705
84
168
412
556
159
592
96
146
68
497
93
728
438
425
357
200
394
588
448
139
144
44
397
433
508
115
111
284
383
461
408
459
411
29
73
142
306
572
496
561
250
59
298
43
282
744
55
499
319
361
742
314
116
680
78
402
269
335
609
477
501
30
590
634
227
760
667
32
147
128
437
691
268
444
725
585
40
150
237
124
247
12
398
240
122
730
345
747
544
363
205
509
757
682
613
502
432
329
217
442
264
401
668
67
548
302
173
470
127
421
333
612
524
416
638
539
547
262
82
767
108
177
315
348
652
267
576
410
204
610
439
171
26
296
230
201
256
137
648
342
663
178
535
467
756
149
281
251
100
605
199
735
244
183
45
664
695
175
741
507
208
23
586
511
676
125
454
97
209
399
79
481
764
219
440
263
479
49
510
356
272
218
417
690
132
158
87
2
374
484
688
233
464
476
733
229
665
608
717
228
259
568
155
699
731
151
473
391
60
222
685
428
197
409
331
379
19
577
599
274
517
749
714
615
452
212
266
550
18
616
495
549
261
647
628
436
633
423
325
762
83
322
196
537
270
63
404
11
686
580
640
447
719
21
358
236
526
516
406
103
164
295
679
597
101
563
211
355
500
90
696
176
102
566
400
353
636
39
372
70
492
54
504
181
276
596
191
761
765
350
174
316
290
635
10
637
241
458
386
50
598
753
160
47
555
453
706
95
0
630
326
623
27
405
422
320
184
558
129
419
162
88
172
654
697
498
703
527
490
482
657
53
413
443
297
24
748
134
69
574
332
215
80
170
135
194
187
206
72
51
584
216
708
249
506
