689
586
415
441
304
113
406
694
444
573
404
281
533
439
531
738
667
50
325
255
25
267
428
433
32
47
86
329
548
754
755
511
653
273
318
658
506
345
749
288
9
250
55
645
411
751
571
242
134
274
486
679
92
382
430
390
228
458
734
231
508
659
355
271
686
457
425
119
144
588
695
106
297
21
662
340
137
473
452
289
239
716
14
374
469
217
66
208
585
254
661
723
163
357
360
655
150
697
105
454
224
617
73
173
507
559
74
707
108
160
128
610
136
594
257
268
620
135
590
91
343
733
121
541
502
16
424
550
461
741
324
560
234
87
719
352
637
722
246
466
668
260
320
149
104
60
157
545
146
336
740
37
580
766
280
213
214
189
516
373
96
262
90
712
322
497
64
115
621
664
245
419
220
480
500
295
408
183
625
702
286
525
720
725
553
682
629
299
358
305
634
27
742
673
537
133
519
6
291
709
449
514
206
402
557
761
100
600
347
51
116
3
649
33
631
139
88
251
187
2
665
643
142
233
176
211
311
672
112
598
63
570
207
363
226
364
676
248
717
312
591
298
99
706
456
20
191
490
310
275
171
630
726
309
42
427
523
210
198
317
675
595
648
127
760
180
614
166
446
132
534
190
195
276
593
35
535
710
179
330
97
349
434
126
601
201
377
70
470
582
145
58
155
447
485
222
455
677
518
735
577
510
131
82
365
48
589
123
544
747
303
307
151
705
177
185
450
28
18
692
477
746
252
199
487
244
202
22
36
552
413
671
401
688
300
279
657
527
429
417
616
186
713
583
111
212
765
72
567
335
613
94
608
538
204
209
188
313
67
597
69
294
174
493
568
612
732
599
383
118
512
333
436
169
95
371
572
59
635
80
602
562
278
729
460
218
31
431
423
660
708
122
556
376
396
575
603
232
529
555
640
728
283
606
12
503
375
574
178
389
0
656
581
579
730
130
192
420
348
154
414
249
328
353
405
272
216
158
243
680
321
385
147
175
380
351
263
84
513
623
727
748
633
53
641
437
341
138
756
711
367
536
253
565
247
384
472
644
93
117
24
547
584
77
626
159
230
398
737
342
10
558
227
669
607
182
522
107
696
628
421
314
44
17
26
120
663
462
435
615
554
238
76
7
197
386
337
316
109
745
762
636
370
652
684
489
296
315
219
282
235
605
690
543
193
399
422
284
45
416
392
546
532
494
539
478
350
256
724
759
196
700
739
57
464
714
438
647
13
528
703
308
387
68
468
670
11
496
236
344
509
49
241
674
520
764
52
678
170
319
61
596
164
451
744
394
758
338
168
517
381
98
339
442
542
627
1
369
767
753
569
269
290
479
200
103
639
750
327
184
334
71
393
46
395
587
715
167
400
540
259
651
62
604
34
75
752
372
225
4
162
264
563
205
148
40
704
619
736
482
622
526
459
240
346
292
578
277
475
681
15
410
41
65
453
685
258
481
302
448
632
43
654
331
194
223
465
83
492
549
29
143
265
521
161
693
140
181
368
229
388
524
495
646
359
650
642
638
215
326
362
463
624
407
564
391
261
270
30
172
124
576
79
483
237
412
287
56
426
499
471
