120
635
735
4
267
281
463
251
588
0
317
80
54
93
201
193
572
469
32
596
331
72
98
40
149
594
306
223
274
278
714
241
330
189
238
527
349
414
599
602
283
117
613
691
448
631
151
593
178
229
259
430
155
38
697
228
232
455
207
282
750
576
595
640
307
301
270
622
545
271
398
134
262
555
370
616
516
23
730
128
295
48
319
415
64
203
112
503
245
643
88
461
758
744
494
734
199
333
557
143
542
488
131
638
62
641
608
583
586
652
466
470
533
618
722
763
375
202
615
500
104
168
534
663
497
440
70
288
352
196
132
456
179
680
253
268
489
699
56
66
30
721
694
629
159
18
585
372
579
41
90
600
326
318
17
139
644
591
42
198
605
550
3
312
433
522
2
700
356
147
559
717
551
368
611
510
529
240
323
767
560
87
386
604
300
530
51
344
531
467
34
590
737
249
165
677
626
580
361
428
676
460
256
219
619
82
175
86
257
451
99
332
704
94
450
322
480
111
417
478
115
309
563
308
632
255
733
421
328
380
110
729
13
52
606
670
113
621
39
354
183
575
705
67
152
589
707
218
391
439
19
544
43
277
351
507
197
172
671
740
6
548
276
446
581
540
376
280
592
211
25
679
681
265
665
357
169
412
191
390
388
405
718
518
142
174
176
316
444
58
177
525
343
122
546
133
289
379
286
314
569
31
360
227
9
378
163
272
441
484
348
761
292
657
136
71
474
452
396
395
654
736
173
230
708
7
757
558
46
517
726
185
509
703
662
103
387
464
459
102
624
535
279
410
285
188
24
50
423
655
701
499
566
732
385
564
1
340
520
660
402
124
81
685
186
698
161
222
220
667
239
541
231
392
242
53
16
582
481
505
552
419
334
297
21
672
187
561
182
302
27
519
702
695
409
156
630
294
483
69
711
413
485
584
538
532
426
355
651
491
477
65
482
454
549
393
397
683
237
296
49
97
521
574
476
661
447
243
435
659
89
325
347
125
96
692
511
765
688
724
399
254
597
181
411
607
311
571
634
26
650
215
324
753
382
728
449
114
100
180
346
77
506
118
84
150
367
381
158
712
764
666
11
261
61
418
577
504
275
496
664
498
725
157
741
490
556
235
35
508
214
371
210
628
720
523
321
129
502
135
339
647
226
353
29
673
153
195
12
716
526
190
184
5
162
213
244
674
434
266
408
684
453
636
234
140
206
28
130
63
686
60
269
299
437
335
648
146
425
612
443
383
248
216
364
513
374
400
74
305
148
83
310
710
420
160
719
145
337
633
601
495
225
649
362
658
366
598
573
342
524
514
715
373
442
543
578
403
273
562
668
212
642
208
33
587
170
760
138
315
755
427
44
693
682
639
78
457
567
436
224
79
68
625
55
462
678
137
350
167
8
377
205
515
236
570
727
748
127
669
200
116
59
76
109
465
475
121
687
614
406
263
762
473
553
756
709
723
752
95
512
359
14
313
363
320
252
432
645
554
401
389
192
431
22
45
539
759
73
36
101
493
620
37
754
123
341
637
304
250
528
194
358
438
486
247
713
171
303
260
336
627
745
20
617
258
656
416
144
536
424
