290
45
220
380
460
286
327
30
95
274
71
616
514
26
251
157
576
397
216
496
405
508
469
398
528
707
208
22
686
288
356
304
187
406
310
342
381
333
37
72
114
196
365
169
205
649
741
630
431
25
219
382
539
298
523
756
145
242
538
591
712
723
352
765
392
440
312
566
329
466
344
387
85
711
542
485
245
611
108
688
94
598
123
111
148
144
571
521
170
728
627
160
511
60
564
43
24
130
638
573
645
159
639
250
754
282
410
289
572
324
127
38
420
281
724
268
311
53
446
525
252
425
752
292
758
306
371
654
531
491
210
367
364
721
2
87
317
490
128
518
192
168
359
299
198
86
283
69
213
506
321
443
27
193
584
600
353
592
6
287
729
117
256
175
151
48
424
143
444
139
731
642
689
676
315
632
358
23
635
599
589
83
714
12
120
438
276
34
326
155
335
399
715
346
619
140
462
556
11
113
109
149
355
702
331
277
601
297
471
142
362
132
476
97
479
96
568
409
167
547
279
62
325
116
21
115
622
389
685
18
494
153
68
235
178
401
39
204
522
31
533
1
555
510
221
678
195
580
552
699
680
447
705
669
84
586
759
482
672
585
101
423
691
338
613
318
372
307
35
618
762
480
536
442
222
98
467
51
396
61
351
107
730
203
605
350
625
347
660
646
760
211
753
507
516
517
394
370
720
499
357
544
305
184
197
650
173
419
273
271
194
527
746
593
16
174
244
249
513
502
202
524
422
656
64
428
498
587
257
727
487
664
182
530
596
750
76
361
554
93
15
464
633
215
238
291
265
512
430
561
63
590
201
373
581
165
162
535
437
458
340
260
541
172
716
231
233
14
42
617
644
129
247
606
246
745
33
477
614
200
653
10
550
390
339
375
66
481
558
608
229
718
110
658
575
8
445
303
158
134
551
742
668
383
17
316
164
747
104
374
594
4
183
708
226
400
267
652
675
57
563
693
610
161
673
91
105
651
264
296
582
574
349
612
451
733
493
253
313
391
3
163
764
395
634
697
677
710
540
181
393
763
719
726
186
755
261
722
171
569
341
89
50
696
402
640
766
102
369
88
272
737
687
743
284
732
416
465
655
433
704
179
67
345
386
734
609
263
328
81
366
377
80
631
79
567
453
602
214
124
553
28
121
489
637
529
275
472
408
300
330
59
470
185
505
55
526
456
106
40
103
141
41
56
497
388
626
475
343
749
463
519
7
562
376
662
248
740
670
199
459
136
603
501
473
435
483
58
665
418
212
236
322
509
190
254
546
262
607
379
549
595
698
579
557
133
744
368
70
146
468
278
152
414
234
301
332
259
176
122
643
295
661
75
474
150
180
82
319
138
411
237
624
217
412
690
703
683
500
29
0
191
735
706
583
407
404
681
439
308
628
177
452
448
131
293
495
434
112
225
450
99
266
560
679
309
615
323
503
641
695
52
449
413
736
243
548
545
232
54
738
717
20
657
709
258
694
659
241
757
648
667
320
348
118
461
378
100
436
126
534
684
532
19
46
492
674
166
5
751
700
74
515
154
77
36
255
334
620
543
92
666
209
663
240
701
230
478
417
623
537
