156
576
657
636
691
449
215
257
627
615
131
258
482
619
373
287
291
393
191
559
202
609
348
445
578
203
228
754
530
154
498
581
338
582
735
527
698
34
465
268
55
278
736
742
567
26
520
537
505
495
556
305
192
138
681
638
424
451
51
543
361
282
198
274
59
10
333
150
179
109
248
760
694
563
127
474
722
383
453
613
69
57
79
166
295
180
378
404
189
84
599
62
250
0
600
443
767
651
705
562
235
633
526
260
125
743
660
45
371
279
167
355
757
381
717
571
199
595
614
396
564
533
557
634
173
486
688
80
452
738
579
678
174
207
132
15
441
184
68
672
293
724
53
356
78
359
66
753
587
101
635
58
276
176
523
318
459
479
7
519
24
463
194
113
123
468
423
16
294
14
549
541
143
713
332
290
607
186
546
493
574
419
428
708
540
732
141
606
461
726
568
330
475
430
490
6
374
610
102
95
586
702
667
309
538
522
415
273
255
723
23
5
765
142
511
719
539
733
168
488
755
85
284
369
347
261
420
183
52
432
301
693
412
652
454
324
181
211
440
395
307
70
501
97
103
548
267
661
725
368
761
266
744
384
536
591
177
303
385
196
729
434
622
484
630
502
644
618
758
628
302
513
489
740
152
662
247
448
737
128
175
585
712
163
647
193
377
21
637
545
575
77
748
358
433
376
343
93
126
172
159
438
90
704
158
327
339
137
680
590
162
145
190
410
74
508
360
320
535
105
33
514
370
285
491
206
517
525
354
322
17
233
229
457
298
677
67
407
249
382
251
230
398
317
392
413
746
503
391
76
161
544
316
323
209
532
659
583
496
565
528
280
264
44
500
646
37
509
558
697
220
405
140
149
28
56
236
689
418
455
222
655
756
674
112
349
32
87
313
629
707
71
492
408
554
471
325
310
648
341
696
96
602
253
401
227
195
683
81
605
623
675
315
435
506
27
18
300
409
43
494
64
263
65
593
763
718
375
560
277
104
521
695
217
48
464
88
470
36
265
467
110
639
507
155
653
108
244
416
328
272
25
727
437
745
411
747
534
42
49
762
706
388
83
731
518
41
569
241
242
478
232
481
296
234
690
764
130
601
552
82
133
319
766
703
427
699
665
335
716
529
224
61
363
425
734
92
275
134
308
331
414
91
201
1
342
444
497
225
221
446
160
40
566
617
188
439
625
594
458
153
624
386
115
12
596
119
118
63
473
197
642
390
714
598
289
214
692
281
429
35
402
216
469
286
664
129
720
621
226
304
345
252
311
510
460
39
223
337
542
710
450
487
8
146
611
245
212
477
685
687
106
379
645
187
94
403
417
205
631
671
350
515
169
670
218
668
584
709
346
237
550
739
306
561
259
60
499
170
447
472
19
321
47
340
759
114
312
504
750
466
387
531
701
620
380
730
151
334
283
436
204
580
721
700
326
50
570
208
397
20
89
676
231
512
54
185
297
749
394
344
135
121
372
246
555
210
99
256
603
604
144
406
669
86
421
399
22
658
711
608
483
329
98
612
456
4
75
551
426
553
240
364
238
72
589
389
351
476
485
728
431
400
366
357
73
3
239
679
46
165
