62
462
564
661
133
87
557
587
313
578
485
752
5
43
698
671
7
486
1
134
77
496
64
584
633
689
103
276
373
160
84
508
96
380
670
530
357
104
498
716
473
495
606
715
327
581
89
483
546
650
450
362
0
304
361
565
269
393
407
431
277
683
90
690
294
26
697
510
13
158
375
76
335
4
91
295
368
751
199
85
467
189
574
338
414
700
521
682
545
598
273
600
350
286
423
257
480
411
701
224
522
611
551
527
270
753
280
383
764
242
292
339
422
648
457
374
646
215
141
726
607
229
45
44
298
78
99
413
547
321
524
537
154
703
713
308
233
609
676
538
66
632
721
490
765
314
117
630
692
311
543
757
218
302
6
729
58
645
138
232
63
363
24
705
125
144
515
755
702
541
720
318
511
369
19
680
741
514
629
677
175
47
601
429
226
488
625
120
97
365
193
349
615
687
506
688
443
396
665
387
136
191
696
139
694
379
299
544
101
575
430
80
194
428
731
111
455
695
172
675
655
225
421
65
425
364
32
693
476
319
579
643
477
283
634
767
161
98
301
174
744
287
710
594
475
150
523
181
235
177
408
265
219
708
249
742
542
326
312
657
236
571
592
439
382
663
315
604
237
39
188
417
442
27
56
447
92
222
316
619
284
403
649
487
719
461
603
147
322
34
228
22
699
38
745
332
108
40
460
658
354
410
275
419
262
23
622
672
300
623
143
281
580
216
398
17
667
441
616
72
595
57
591
168
351
358
652
259
323
737
20
61
81
662
343
401
55
25
51
492
197
251
717
639
535
732
305
499
342
728
434
532
109
540
736
504
306
489
220
290
528
596
654
95
637
420
126
761
303
241
346
470
170
427
465
568
239
33
115
348
482
28
548
337
653
494
128
582
173
238
448
285
137
341
466
513
258
267
754
42
15
274
131
70
552
433
636
660
317
263
29
60
440
750
30
240
166
679
724
567
46
509
296
725
572
593
212
412
656
566
641
583
210
208
334
378
16
245
88
525
244
164
268
18
735
264
256
142
102
452
198
400
704
41
310
324
114
673
389
756
234
712
149
59
344
71
668
127
156
451
320
558
119
291
468
297
211
110
589
68
370
8
618
432
517
146
577
330
202
381
113
437
217
749
14
213
192
505
733
272
585
288
289
307
399
638
93
356
366
394
221
576
178
10
711
479
404
250
766
105
681
608
516
83
491
132
484
529
162
714
207
763
328
140
223
686
209
501
409
463
727
642
722
454
620
309
206
602
118
254
123
353
406
360
112
196
204
739
635
397
36
386
458
388
201
416
730
255
570
628
48
243
252
678
271
493
153
617
563
549
586
651
185
371
345
248
165
205
352
599
691
129
122
478
507
367
674
372
709
35
2
130
531
734
743
253
481
329
621
186
195
278
502
74
590
497
503
69
758
325
52
171
231
415
640
75
266
438
550
474
534
54
184
738
151
435
554
405
612
187
526
157
9
340
50
533
200
124
746
624
3
469
214
230
706
282
560
644
573
553
116
390
11
227
684
597
377
331
94
520
539
247
391
21
155
561
100
12
456
176
106
190
518
376
723
666
336
556
261
82
627
