268
686
176
178
260
114
752
113
304
204
303
236
298
535
583
344
38
452
428
361
703
695
182
52
300
117
552
591
132
84
540
520
632
517
124
247
412
538
496
308
728
560
197
567
294
1
180
381
600
678
270
396
688
571
92
751
547
516
460
570
687
739
518
151
681
159
685
732
209
431
336
382
198
58
311
508
389
757
453
586
647
218
625
714
184
302
743
380
148
145
429
18
388
349
90
121
448
701
677
129
4
293
656
476
765
287
633
735
479
53
511
200
249
741
324
424
242
661
761
69
137
199
698
87
391
269
23
362
722
700
618
709
161
671
291
154
27
306
624
459
281
258
668
568
384
211
526
337
523
353
266
458
593
501
282
717
144
415
100
472
222
367
67
616
597
471
592
219
223
366
737
386
545
169
524
183
451
102
264
416
610
2
364
522
319
623
528
657
606
487
408
375
162
706
413
14
348
347
237
745
317
648
486
404
6
715
233
507
750
274
493
224
70
748
253
112
556
250
422
505
489
692
125
456
75
9
705
191
65
680
107
534
7
289
279
617
441
189
672
305
81
619
246
699
369
740
674
155
62
403
620
64
551
634
374
333
442
499
604
325
557
167
370
179
725
529
152
490
631
28
684
334
201
130
343
440
670
256
497
667
609
307
433
474
214
664
346
710
504
96
290
585
475
16
712
31
51
280
63
532
543
669
488
321
50
225
400
272
733
89
649
589
397
230
19
185
622
579
726
118
550
301
640
33
217
562
383
173
582
101
425
642
455
767
559
359
95
566
73
160
257
495
392
746
345
645
235
548
405
271
221
231
682
55
652
318
707
602
637
153
399
447
457
187
54
17
12
724
519
228
243
37
203
676
482
720
252
232
536
104
573
438
135
139
149
373
491
564
630
80
432
481
465
480
330
436
206
565
580
22
766
170
503
654
234
683
332
742
354
470
563
108
484
147
277
406
338
0
694
212
5
226
689
326
30
466
241
410
483
44
123
377
136
116
322
72
60
227
15
644
296
78
708
446
122
193
46
93
485
82
729
379
35
190
316
255
760
320
611
390
614
461
26
612
83
105
666
679
621
713
626
675
613
41
702
537
229
638
20
549
196
603
207
601
285
541
628
215
727
581
464
590
418
478
463
61
393
690
210
643
138
599
539
575
134
595
420
711
163
356
502
314
115
323
276
659
758
358
574
401
267
653
444
411
462
141
315
91
636
398
335
103
598
88
21
275
331
261
756
696
157
172
368
175
340
587
445
738
734
127
435
47
512
673
513
32
443
477
327
697
355
467
372
77
171
423
312
421
594
555
164
754
177
660
419
288
500
510
558
658
278
357
208
749
216
394
297
3
8
213
66
721
763
263
635
240
310
498
339
254
506
328
605
561
265
238
376
286
554
59
693
48
98
194
514
13
140
86
309
553
34
244
650
165
350
259
188
42
665
205
192
492
195
615
731
521
133
434
43
662
755
407
283
387
251
730
110
449
128
79
663
627
509
546
99
494
533
131
143
454
450
716
111
759
719
639
569
531
186
371
439
220
762
245
736
655
168
158
181
414
11
515
351
723
608
119
39
402
352
530
342
