389
676
428
69
361
416
576
396
135
646
52
370
482
730
88
346
751
220
104
193
645
13
345
247
669
550
476
493
21
11
124
203
458
477
289
151
747
731
684
652
700
41
258
534
391
186
130
280
34
745
559
565
159
762
204
527
478
763
296
46
212
767
545
757
696
84
641
585
16
286
176
100
200
132
317
334
640
717
732
463
55
578
191
274
208
540
184
3
303
365
140
168
626
376
551
128
398
47
644
596
424
105
182
443
383
414
243
276
14
86
581
313
679
734
293
766
163
708
266
148
390
99
171
271
427
198
297
399
755
144
491
719
253
35
201
154
353
575
118
134
720
54
166
221
556
580
630
539
94
754
10
445
115
592
606
405
742
347
292
202
136
42
92
570
417
387
653
43
509
2
217
659
508
241
421
453
199
12
152
194
302
150
279
76
673
518
62
114
533
314
331
31
333
746
639
179
256
597
572
275
483
436
571
57
548
368
429
520
131
181
7
315
422
519
341
339
454
245
116
750
70
678
65
183
146
351
195
64
71
177
156
672
447
74
558
137
531
709
356
295
610
281
691
450
211
765
102
236
687
178
438
153
553
210
677
489
683
45
394
506
244
590
301
656
238
537
196
738
129
170
240
300
577
587
733
27
246
158
155
473
366
249
126
569
349
601
1
278
406
636
232
172
415
380
66
342
604
103
89
501
261
748
44
206
566
264
96
449
25
284
723
218
385
479
318
332
93
175
24
623
756
107
500
418
544
555
634
392
32
33
367
462
277
291
688
726
625
388
270
311
490
101
98
743
538
90
744
716
77
359
498
543
63
224
340
26
91
265
248
568
647
419
599
705
320
425
624
591
372
283
404
761
661
363
37
488
666
30
662
408
139
97
19
402
686
554
668
106
267
595
285
235
40
619
307
187
174
409
439
18
190
58
494
375
225
455
384
452
357
298
209
648
381
157
657
22
442
239
355
420
260
252
192
685
760
461
564
583
736
682
343
125
38
262
358
312
759
29
411
562
496
584
165
354
701
471
259
316
560
472
59
607
336
95
460
400
167
122
622
231
330
23
397
214
530
393
121
654
20
434
505
529
67
446
693
541
273
160
525
120
739
615
536
598
110
469
456
222
628
350
635
609
485
4
325
567
319
629
321
255
486
627
164
75
433
499
413
574
362
435
437
667
431
711
689
542
379
690
328
729
287
451
173
721
382
60
710
735
593
117
602
5
28
344
324
360
658
535
699
282
722
665
563
514
327
703
515
272
680
674
637
290
695
127
17
617
51
423
467
109
692
512
326
618
53
464
663
68
403
507
613
299
616
133
740
670
432
503
725
304
82
712
660
395
61
323
715
532
546
475
0
480
547
338
226
205
620
600
180
169
633
268
752
495
448
586
113
111
215
484
9
230
294
741
15
492
573
749
671
352
36
713
504
608
143
582
638
481
251
335
466
310
263
149
49
145
228
441
83
162
73
521
753
549
614
108
257
147
234
185
727
714
430
698
611
694
78
706
528
502
161
664
223
728
459
410
579
348
649
655
329
474
707
269
141
517
81
229
87
254
702
426
523
675
39
643
189
373
589
513
371
