194
282
735
450
652
13
655
488
27
585
550
438
409
317
599
444
447
581
477
113
420
201
332
693
429
327
616
196
627
487
44
22
244
649
205
284
702
743
707
446
81
430
703
656
285
712
558
41
708
225
580
526
38
372
520
657
741
749
257
760
381
489
294
484
132
211
469
725
319
495
738
742
392
754
111
209
418
86
434
173
110
597
369
757
388
359
441
456
445
721
259
65
722
603
91
349
367
414
747
530
675
532
29
486
700
591
106
664
764
739
506
43
395
643
271
572
249
606
733
424
19
647
269
236
152
669
185
598
195
51
100
692
665
427
55
548
417
400
419
144
473
714
408
231
457
24
167
241
405
163
64
0
481
246
97
307
123
752
571
328
224
637
766
102
593
531
1
118
67
731
608
119
563
169
595
320
45
605
632
252
576
448
347
628
251
416
300
177
149
740
555
611
197
277
141
35
335
566
78
618
145
172
353
475
311
443
698
492
334
183
668
79
179
207
612
385
30
256
280
575
339
535
601
264
619
748
340
316
509
528
345
326
524
503
633
77
527
168
128
308
588
313
720
146
329
523
31
514
39
685
360
671
101
681
491
40
75
701
355
507
624
564
28
389
465
150
192
92
717
421
587
765
518
578
455
171
298
191
666
188
724
181
368
589
645
166
159
596
485
399
253
638
57
631
112
390
96
387
306
46
290
85
174
125
464
500
431
17
730
292
187
312
753
704
508
15
158
23
513
662
357
84
134
330
736
286
600
18
272
623
661
678
713
466
321
673
11
109
496
728
660
62
658
377
522
218
706
254
398
337
227
680
393
309
344
435
63
69
80
719
148
582
552
640
162
451
437
672
711
682
237
105
36
104
386
200
338
614
49
54
551
160
310
131
617
325
482
210
343
117
380
278
718
266
439
365
34
370
433
9
350
737
56
573
129
761
165
442
460
214
584
577
463
540
208
20
351
283
607
493
358
458
756
641
61
247
226
260
107
124
371
239
202
470
695
536
762
659
415
315
517
331
240
449
559
212
567
621
139
299
178
411
490
654
21
275
397
691
422
203
684
602
42
348
467
33
120
501
383
352
412
32
14
630
642
234
242
180
694
537
744
76
354
66
229
7
93
519
71
562
729
516
219
512
688
250
715
759
696
291
136
570
2
99
122
732
710
423
521
258
667
157
635
142
544
184
216
746
164
592
293
690
650
480
547
462
538
499
620
342
525
653
274
74
341
3
407
679
723
221
190
755
384
604
198
228
98
16
268
391
94
276
758
510
625
288
453
478
68
297
436
155
366
87
497
130
333
281
59
83
50
147
222
114
115
468
636
727
235
296
10
472
233
204
574
505
273
37
646
378
267
116
6
615
697
767
143
511
121
89
95
153
151
279
504
322
542
379
569
189
170
363
382
8
734
529
206
461
454
396
644
474
73
543
47
674
373
137
176
304
476
687
255
88
586
314
213
539
126
534
175
613
90
515
53
545
356
133
186
554
483
376
763
5
193
561
452
223
546
590
459
716
238
726
651
243
471
70
60
301
425
364
220
263
361
689
324
622
634
629
560
270
402
302
568
58
346
498
699
533
156
