162
641
141
466
474
493
727
9
721
398
356
184
325
164
717
480
536
240
38
311
63
324
167
722
49
14
575
561
522
181
268
210
36
169
297
422
139
237
592
165
701
688
368
595
650
92
204
744
88
21
111
337
586
419
767
222
51
697
52
693
411
477
302
540
34
152
503
520
416
106
625
580
308
211
282
760
431
706
712
526
31
702
393
703
379
41
214
572
531
388
640
604
677
681
294
98
305
752
352
669
65
498
17
686
336
665
730
568
666
763
740
667
246
206
245
746
113
485
680
581
538
160
457
521
8
62
624
207
675
446
729
295
42
225
546
528
374
400
291
361
551
119
220
460
732
194
766
215
598
224
723
765
60
228
46
68
234
380
471
29
684
415
4
755
728
104
123
343
608
704
150
591
112
310
564
50
241
15
322
406
363
121
541
441
22
749
372
418
274
174
179
527
694
156
67
639
674
454
20
709
610
646
270
81
582
502
483
758
338
638
351
238
205
389
671
552
678
95
500
583
151
287
73
619
404
94
573
340
99
440
25
250
145
271
461
602
567
190
654
384
366
130
733
347
365
505
710
126
16
75
57
243
258
420
71
482
427
200
616
719
656
375
318
143
13
437
508
695
495
653
569
133
161
736
741
753
78
353
558
609
550
497
360
630
28
386
506
283
273
298
129
116
661
371
636
260
515
553
687
248
233
280
448
672
12
307
438
383
594
203
530
447
376
499
147
424
445
739
382
114
391
7
756
226
644
626
399
494
229
690
510
464
313
453
442
491
637
289
622
705
135
30
321
278
484
615
689
449
53
423
332
629
196
633
105
296
154
286
350
496
751
91
715
618
189
590
614
329
487
5
37
43
128
381
27
539
544
543
627
261
532
89
516
357
750
713
265
177
266
171
153
180
334
235
172
664
18
69
331
342
186
574
748
6
102
545
236
662
649
86
80
456
660
254
620
82
231
148
178
486
155
209
19
759
658
657
439
519
403
603
344
339
219
247
518
517
577
175
272
137
134
358
359
708
737
651
341
720
725
512
559
734
251
535
281
276
370
306
232
513
328
593
472
70
473
634
74
269
492
362
292
367
333
300
72
56
316
253
542
369
355
212
249
304
256
149
348
93
547
223
647
645
450
432
144
168
642
409
159
267
623
410
191
659
117
469
635
407
136
146
463
585
511
293
319
462
103
395
0
1
655
679
467
579
242
288
643
417
429
54
726
354
735
408
10
468
628
263
396
743
563
3
670
202
33
183
317
514
40
699
425
314
170
607
109
668
2
257
110
127
158
613
490
652
244
61
716
571
481
90
85
455
377
176
523
402
26
216
349
218
434
346
436
548
96
320
529
401
589
326
182
101
488
537
64
565
230
32
290
444
611
309
115
195
107
108
478
385
714
476
501
534
601
452
163
711
262
762
562
120
504
323
555
761
77
605
685
570
285
560
173
707
364
696
405
443
673
578
747
166
676
142
412
621
84
35
315
208
554
428
479
433
255
39
421
600
58
299
122
556
606
430
198
47
489
682
193
524
597
549
277
59
414
259
24
458
138
100
426
11
378
533
566
48
394
217
79
330
724
131
698
