504
720
734
194
190
23
715
686
473
578
335
494
560
424
400
449
434
175
707
435
493
598
631
696
134
551
280
305
109
553
654
490
65
298
203
149
221
150
571
637
602
569
390
584
204
112
442
57
239
313
611
455
258
704
285
568
662
537
544
61
413
492
764
739
604
156
319
327
223
238
197
699
522
460
727
761
534
117
368
648
122
341
483
85
581
11
173
545
306
78
615
36
693
388
566
623
451
684
58
495
463
148
600
380
540
146
749
42
158
103
165
193
297
672
395
267
678
295
588
580
348
333
554
260
35
591
711
408
176
393
453
141
92
570
503
765
548
357
370
288
501
276
381
351
214
60
329
271
69
722
18
546
201
468
423
702
130
160
227
200
457
472
74
334
559
697
709
640
443
94
322
31
549
256
273
675
430
355
308
199
454
461
688
170
40
737
515
83
229
698
374
477
706
270
300
499
458
536
436
211
498
2
486
118
556
310
120
44
410
372
125
101
708
82
758
245
77
278
543
143
582
59
412
95
459
417
668
695
628
641
491
274
469
642
248
507
184
228
154
4
91
349
13
301
152
215
361
164
27
762
474
208
744
3
1
12
736
519
147
439
66
55
41
452
86
225
244
15
619
25
167
299
716
464
407
259
550
177
265
630
338
131
726
54
17
517
601
347
161
651
475
529
234
516
127
603
386
446
586
528
212
592
261
26
510
759
126
608
590
429
68
226
311
43
487
37
107
181
71
680
369
29
331
183
597
625
188
405
751
222
294
635
587
488
28
246
681
518
330
520
613
432
138
182
482
583
345
354
205
309
224
321
21
502
760
275
729
670
64
676
255
282
661
45
754
98
558
462
557
192
364
437
585
30
589
113
547
317
564
420
14
419
433
337
723
242
340
230
63
123
438
168
96
671
116
178
155
80
339
479
8
352
399
105
328
277
385
401
616
721
465
157
562
593
320
318
189
531
397
110
714
287
169
638
448
718
237
218
747
291
314
731
664
500
521
0
179
530
70
121
561
172
102
79
690
610
667
467
196
660
539
144
700
6
766
763
523
49
353
658
359
682
384
612
251
159
135
34
283
266
414
207
657
191
425
705
478
371
470
572
396
88
505
303
304
269
532
440
542
198
202
618
742
284
231
445
302
336
53
378
84
51
360
46
617
209
596
376
145
50
187
735
240
655
421
645
513
685
636
166
220
20
136
132
104
606
153
253
163
565
575
733
76
533
665
607
72
89
431
129
48
632
162
481
33
689
444
247
362
541
649
677
703
743
692
387
404
394
119
186
605
286
713
263
39
624
750
216
717
233
456
323
740
398
579
629
326
367
567
195
5
289
75
241
312
411
257
669
114
757
128
755
752
748
350
471
422
292
290
115
307
325
450
366
576
527
377
324
622
316
633
476
595
512
392
262
171
268
403
552
416
426
47
406
725
496
383
683
67
644
332
62
674
609
87
232
10
666
415
525
738
573
710
296
32
281
133
235
219
206
646
249
236
485
694
108
506
466
137
712
746
93
19
526
514
563
342
535
639
701
365
673
647
344
524
614
217
22
185
38
691
538
724
90
358
497
447
81
741
250
73
