660
84
527
730
449
409
120
14
210
301
269
83
591
125
502
183
752
275
498
224
740
426
262
280
335
36
590
408
634
367
216
54
271
707
524
8
385
50
434
217
542
232
405
70
480
369
173
258
428
242
74
56
15
293
292
446
579
137
383
588
254
584
429
528
300
411
202
560
305
128
499
11
96
132
473
62
460
157
477
299
555
179
87
705
506
564
759
727
205
504
464
22
494
130
550
755
168
298
253
762
578
278
571
124
277
175
465
33
239
420
79
651
589
279
18
508
105
78
403
474
247
490
431
732
760
42
272
736
268
250
112
282
756
747
417
94
410
200
234
716
653
281
562
724
513
81
719
558
678
402
139
97
690
466
577
333
358
16
25
518
355
308
443
312
156
3
556
116
387
47
472
695
388
766
470
627
534
313
80
652
161
607
158
559
90
319
327
196
739
286
611
488
537
694
297
467
741
115
5
399
228
406
238
462
674
378
737
422
148
531
424
689
753
133
7
256
10
647
601
594
391
304
240
501
352
710
100
681
264
620
154
733
151
612
536
354
88
622
644
650
439
101
561
118
184
582
114
379
1
85
718
469
172
665
742
735
669
167
241
307
457
267
330
165
637
40
505
361
214
583
225
539
170
599
463
441
686
58
442
397
671
68
749
676
134
661
565
610
98
89
257
362
212
121
375
445
677
318
448
451
572
37
12
284
176
593
65
322
687
329
356
673
455
648
587
567
541
39
31
43
207
290
416
734
751
643
393
236
493
197
503
697
273
260
231
693
639
95
245
119
192
709
483
684
711
581
423
53
641
145
517
521
596
631
171
609
447
235
295
535
76
233
761
201
287
123
529
748
189
720
615
46
230
363
244
525
150
602
13
702
92
328
626
135
140
187
638
715
248
48
34
700
543
496
404
122
60
491
351
407
147
73
110
340
194
294
419
108
511
221
177
19
545
285
721
530
546
623
276
213
629
63
359
373
325
166
71
570
389
726
261
725
326
617
597
412
640
376
482
544
106
485
357
592
274
656
41
664
64
344
321
722
77
93
6
21
2
456
668
223
345
670
32
45
169
303
193
288
149
382
492
255
635
252
655
699
67
102
663
765
182
143
386
563
339
72
263
471
486
479
624
714
685
450
763
489
180
109
421
104
514
316
569
237
554
764
249
86
204
392
270
57
549
520
163
453
394
481
370
468
533
372
342
688
619
557
437
103
69
745
717
129
712
360
476
698
708
343
336
337
754
746
659
291
691
495
117
586
484
185
127
29
26
435
55
649
585
553
141
452
522
174
289
487
414
679
401
4
23
111
540
400
320
51
310
52
164
767
136
509
547
703
606
314
598
246
552
24
222
500
17
667
654
636
696
208
227
523
415
512
347
315
758
614
692
432
510
427
265
604
59
9
188
418
666
317
507
348
672
243
206
621
738
580
731
30
377
568
380
91
160
396
215
126
433
49
146
574
38
218
662
323
338
35
107
178
576
99
209
682
75
186
675
350
61
478
384
701
152
311
458
633
203
226
461
191
283
159
368
341
366
66
181
413
723
616
744
645
706
302
430
20
162
211
306
398
266
198
436
713
138
