227
431
747
422
53
16
639
723
81
5
237
694
47
689
433
149
551
177
516
327
244
72
634
491
189
520
507
320
82
724
121
455
572
751
282
652
600
616
661
367
681
606
133
86
524
311
495
504
403
565
347
497
436
456
371
12
326
122
280
701
445
669
704
662
726
601
713
14
214
155
624
409
100
180
67
156
274
562
188
518
369
13
541
692
140
580
106
503
693
460
581
468
500
267
286
308
759
243
46
219
303
663
343
665
265
470
553
607
283
654
341
381
215
630
447
87
217
35
544
684
153
435
36
569
480
284
593
608
557
295
603
376
687
758
211
29
426
610
103
313
164
70
292
702
442
11
372
691
160
670
675
476
353
173
42
763
680
364
379
635
677
169
312
657
111
590
95
0
18
703
114
4
612
467
466
631
273
236
393
41
386
19
478
117
272
473
309
731
487
22
168
464
74
246
77
10
432
287
517
200
124
711
24
761
297
510
658
618
162
437
707
392
85
566
515
423
429
23
528
725
93
55
105
482
231
104
161
28
279
196
3
577
178
335
513
351
203
264
57
120
462
384
92
277
50
597
296
136
550
465
522
718
198
340
350
9
622
315
331
183
208
533
146
325
451
141
443
60
2
61
355
389
96
354
181
656
285
767
152
84
48
571
138
644
738
390
365
558
526
641
261
439
314
673
224
754
167
290
271
745
611
525
116
574
512
719
674
289
378
209
275
128
567
62
463
336
7
125
306
293
408
688
560
170
425
27
25
65
483
391
352
126
151
655
242
307
664
142
191
534
305
216
543
548
705
496
449
415
176
576
609
619
730
753
79
212
131
494
362
575
547
479
736
420
685
563
298
536
678
651
459
602
205
706
368
714
32
529
259
441
741
179
90
221
193
458
345
235
228
123
223
154
248
159
421
201
344
166
744
438
346
240
270
666
118
278
257
288
316
729
764
760
192
643
334
310
682
454
539
230
498
238
174
373
172
668
113
58
599
564
388
413
302
402
102
101
732
621
537
359
633
414
63
44
629
484
21
734
676
613
405
446
582
38
202
222
119
762
683
756
712
585
740
591
450
472
115
187
570
150
523
604
276
586
252
357
349
30
471
427
642
332
139
614
66
299
241
239
742
488
755
395
519
743
509
554
148
158
20
94
377
39
387
765
648
225
184
733
358
452
382
695
361
98
71
457
337
163
521
527
380
229
401
220
147
728
715
199
110
397
91
502
51
766
385
698
490
530
546
76
324
366
319
594
737
708
78
720
627
406
97
469
144
186
233
108
584
481
645
250
374
623
31
322
43
363
26
461
653
370
561
268
69
255
579
321
254
625
15
583
132
112
342
360
587
383
589
399
750
637
175
411
596
416
17
375
535
45
650
555
262
417
640
396
697
317
348
135
430
6
752
588
552
440
501
532
194
559
739
263
542
508
245
304
540
1
394
568
269
40
99
329
672
68
190
232
339
659
749
33
499
412
592
206
434
260
605
748
746
247
511
195
157
660
549
165
258
218
266
251
626
323
80
636
617
300
185
505
628
134
256
538
56
477
556
638
226
301
34
419
137
514
8
492
182
143
710
620
679
318
489
