692
168
443
699
35
708
293
72
439
251
537
272
134
253
629
83
27
730
686
254
105
36
535
468
688
583
461
313
471
427
318
472
99
486
146
266
355
600
70
129
135
117
136
282
113
363
342
309
735
416
397
260
200
622
104
680
82
554
661
372
429
431
118
569
53
196
458
543
314
385
300
532
754
450
328
24
270
286
400
244
338
618
352
507
602
161
90
517
228
252
548
229
354
717
492
716
477
94
751
682
239
613
608
231
669
421
80
285
324
580
428
191
15
84
681
326
379
278
258
649
591
403
510
63
451
750
521
406
404
284
269
711
28
577
281
511
627
581
387
26
158
120
19
555
722
312
489
198
112
479
674
764
224
651
491
444
3
261
633
402
368
659
350
723
65
311
763
366
662
301
667
512
290
67
664
364
509
31
255
306
473
628
183
115
536
696
748
111
704
767
13
220
526
106
210
753
371
609
131
343
604
558
706
128
79
188
500
435
676
496
476
485
675
712
348
243
630
546
467
395
16
454
5
38
504
614
330
749
528
623
386
766
305
393
20
344
599
10
235
192
415
263
166
172
71
417
361
756
100
187
560
407
132
154
399
474
598
396
593
714
506
351
666
654
655
206
307
44
30
7
398
171
236
215
297
424
249
634
29
205
356
48
296
304
369
562
268
698
707
590
552
729
174
490
173
394
597
52
18
155
276
713
256
586
54
483
149
32
177
262
33
734
116
179
525
381
709
573
341
213
317
247
684
719
585
466
308
563
43
531
347
621
582
579
615
519
222
245
620
101
370
678
212
409
689
75
647
740
74
49
167
291
572
419
549
551
527
216
741
464
208
88
523
234
380
594
373
565
653
61
488
568
114
288
423
453
728
280
518
425
436
481
339
414
703
672
264
762
319
724
432
596
250
316
584
524
289
176
259
287
544
494
469
465
642
42
690
438
673
695
530
273
718
219
742
334
336
55
125
109
181
624
687
747
499
185
77
505
95
195
151
648
502
705
2
275
66
86
147
529
685
520
218
73
607
85
178
592
1
119
745
108
587
265
367
202
137
170
701
124
739
383
169
670
274
152
638
606
50
349
575
757
556
413
433
721
475
242
619
545
186
189
643
616
292
197
164
737
59
452
81
758
508
6
199
743
401
459
570
513
446
752
140
503
89
557
391
133
315
359
64
497
193
516
632
646
333
656
631
225
498
449
652
733
12
702
360
578
182
144
447
677
226
746
645
279
412
141
564
207
323
76
0
665
731
625
122
23
299
691
495
138
233
480
139
440
571
238
353
204
346
611
567
57
331
362
39
69
456
445
217
700
160
321
232
214
720
442
595
184
457
127
8
693
460
434
358
180
163
327
694
56
418
405
482
430
533
240
58
41
201
9
98
345
332
150
322
107
374
603
640
295
522
337
617
157
267
194
761
710
248
410
441
93
22
78
637
165
515
62
478
11
644
671
40
470
335
462
378
392
14
246
382
211
639
755
420
223
365
576
103
25
389
540
21
455
302
329
610
657
190
68
298
123
732
377
534
588
660
230
130
357
51
303
209
448
384
566
46
725
121
561
153
325
87
759
320
668
589
736
126
