713
309
714
554
398
412
290
616
286
483
563
628
198
518
243
591
437
522
143
223
665
104
759
278
604
526
413
96
485
227
184
407
127
731
172
302
282
160
93
689
240
46
62
428
20
615
648
212
117
422
222
425
463
431
498
650
578
133
372
533
706
679
147
514
360
331
609
43
30
557
649
267
481
726
359
548
439
570
479
34
283
284
424
197
475
576
228
180
382
516
632
395
366
241
173
678
361
545
261
614
209
517
572
15
203
346
33
418
633
567
216
107
656
732
541
178
758
98
415
547
634
556
622
608
623
659
592
434
660
312
543
737
662
687
668
583
750
469
315
629
519
4
747
605
624
73
339
712
595
161
324
2
22
181
122
352
65
743
155
420
461
146
746
350
601
31
168
641
527
244
711
652
334
221
248
631
271
450
542
6
740
139
102
164
459
291
607
387
573
603
760
477
292
176
195
131
108
288
355
766
371
599
343
701
718
245
411
435
319
72
672
727
478
158
736
681
121
231
325
720
619
528
265
318
739
51
19
488
507
501
621
321
152
399
263
29
658
470
640
5
328
330
664
378
338
193
655
285
742
166
370
657
294
467
351
458
626
728
430
683
643
480
358
307
156
453
110
149
301
67
686
144
590
575
752
79
612
466
462
136
237
47
376
381
553
539
295
761
75
280
182
449
332
141
373
703
582
414
60
137
669
546
129
365
183
169
213
314
697
455
698
174
401
738
559
208
165
654
384
206
454
692
489
50
177
363
676
157
233
708
558
336
39
405
185
433
238
300
276
128
673
151
275
594
618
49
486
71
52
142
28
549
584
685
199
674
523
11
561
323
252
219
380
342
637
24
579
555
725
661
764
54
638
362
153
642
68
0
585
202
124
636
538
680
299
391
562
61
310
175
460
510
81
130
354
763
191
32
396
105
10
86
393
27
254
272
505
757
229
597
560
298
26
644
550
492
337
610
524
565
235
53
521
471
269
40
639
468
617
69
432
262
499
476
440
101
525
646
313
304
3
123
38
574
663
684
274
320
344
316
236
506
210
436
239
442
106
41
402
205
700
421
253
693
367
201
400
264
188
109
724
537
287
756
635
484
457
464
94
719
217
224
667
611
140
404
76
472
327
571
207
148
63
511
741
482
66
389
536
620
192
13
717
379
77
162
59
529
392
100
531
493
21
495
159
707
356
305
364
218
303
220
417
426
586
48
194
443
215
341
214
512
55
56
745
500
255
154
84
696
374
496
704
600
125
754
258
403
190
406
751
377
765
532
474
171
14
451
232
9
409
138
268
625
119
91
448
710
70
111
503
7
694
1
580
715
419
85
135
277
423
89
446
375
447
279
577
596
544
115
456
520
729
613
429
394
211
762
473
226
347
744
247
568
690
322
90
349
257
702
167
566
37
569
266
82
408
386
179
44
627
340
722
256
755
23
225
551
251
606
189
112
508
118
368
8
598
95
734
311
653
581
397
445
497
132
587
25
306
530
705
691
329
250
259
588
494
670
317
88
74
630
281
645
200
92
721
113
730
410
163
187
383
186
699
671
145
675
348
36
502
242
651
504
120
296
444
326
709
16
452
