728
4
725
297
766
295
250
649
639
404
178
403
603
393
715
191
33
356
85
324
5
579
660
376
254
233
413
466
314
302
367
236
723
752
285
483
387
615
672
447
223
456
385
264
632
331
597
753
600
120
655
329
344
308
48
96
442
646
174
402
468
347
534
700
328
543
51
375
733
523
739
357
199
567
52
680
421
210
83
258
388
563
225
653
13
247
696
333
95
156
77
718
196
235
535
616
545
758
267
476
82
687
626
140
47
64
722
682
9
29
765
146
678
373
604
484
475
106
260
623
321
102
737
99
701
401
117
50
691
735
72
129
522
116
420
153
14
186
15
736
282
577
220
462
177
107
44
699
667
568
17
110
275
88
54
576
474
418
452
168
338
738
203
492
26
299
443
119
89
589
657
408
524
407
243
371
636
346
201
317
382
8
730
368
620
93
630
173
181
229
169
136
369
574
509
133
20
219
625
57
542
591
689
645
145
11
528
595
531
428
175
195
697
661
671
39
562
58
81
6
414
274
416
53
617
415
248
514
478
583
80
290
193
227
31
12
473
359
548
745
374
271
669
334
643
557
666
537
231
602
560
172
364
659
460
556
326
427
147
396
242
491
192
605
360
501
226
354
580
75
411
164
300
553
729
746
513
167
704
644
406
732
712
278
23
259
183
592
734
717
487
222
143
296
366
206
705
399
703
384
372
593
544
125
115
767
279
241
637
62
503
349
555
383
454
489
18
200
742
451
515
292
112
439
103
166
647
716
151
266
336
56
207
268
303
690
467
470
539
188
71
755
627
681
710
98
527
614
573
323
228
520
457
650
688
154
380
426
430
610
251
197
762
79
724
74
21
757
139
163
488
76
170
171
128
546
100
412
134
101
190
516
94
683
159
86
438
341
709
409
19
485
694
569
322
255
594
692
554
327
497
67
463
529
34
182
162
559
43
517
97
270
570
495
381
240
92
298
390
370
144
335
7
176
561
215
499
471
155
575
631
693
283
679
277
109
465
469
675
194
137
0
289
668
65
211
609
464
727
113
551
505
494
538
3
756
673
306
391
706
629
400
749
450
269
25
61
652
642
313
202
304
291
350
386
621
634
410
389
36
518
564
90
315
480
581
239
741
355
232
448
511
165
2
84
638
1
198
158
431
252
351
582
131
740
32
345
108
332
743
445
440
316
149
624
38
121
405
656
708
311
674
340
490
658
670
435
204
310
45
397
423
132
482
750
111
425
91
588
284
601
30
754
378
221
584
59
70
665
532
365
305
348
512
622
566
424
677
486
69
238
764
287
301
179
552
246
205
212
343
760
325
453
105
481
572
40
244
142
318
441
417
607
320
10
24
633
28
587
508
273
461
449
711
498
363
479
63
379
148
578
599
261
702
698
294
272
506
37
358
596
152
392
436
124
361
496
263
293
726
619
307
446
510
558
590
141
613
676
540
547
126
648
519
713
187
759
150
55
138
87
422
127
35
434
437
394
695
598
104
230
27
433
720
541
118
41
565
550
265
721
281
135
60
472
130
641
536
751
493
731
208
216
429
662
217
618
500
748
245
684
455
249
585
49
504
507
763
533
747
157
