51
94
70
597
324
571
675
151
746
217
144
4
200
244
607
703
660
104
18
250
30
243
666
568
685
66
506
60
291
482
518
755
232
271
392
316
545
170
318
604
221
290
471
42
319
169
559
496
208
589
459
556
767
191
54
551
633
168
588
342
20
266
497
321
36
499
412
465
117
516
640
364
176
145
17
92
3
715
736
467
327
401
673
153
416
46
216
439
119
406
192
308
455
161
433
62
529
676
186
173
596
532
469
72
547
222
695
143
55
355
98
476
648
681
320
382
643
165
619
667
617
329
22
43
361
116
444
697
331
554
135
313
741
273
453
509
73
131
16
582
31
44
570
194
432
454
326
225
671
533
65
491
434
683
612
90
488
501
345
212
25
549
115
166
149
706
52
332
202
123
141
524
211
146
718
160
567
536
309
417
357
764
344
261
508
372
753
546
414
198
383
280
58
409
422
190
579
287
710
96
443
407
578
174
368
631
486
29
388
737
492
292
158
688
343
652
129
566
594
472
219
678
731
468
366
6
77
677
608
136
670
330
2
159
729
745
293
354
228
302
214
201
523
369
514
335
303
48
121
661
15
274
391
654
45
314
462
520
716
477
621
575
587
40
707
394
205
461
167
183
397
128
511
236
577
446
82
460
603
267
641
196
689
730
353
526
81
298
586
294
367
349
341
519
725
493
408
445
504
415
317
418
150
727
413
403
699
233
742
289
74
256
37
751
656
139
307
305
624
539
300
580
13
384
530
34
347
564
180
365
563
429
351
242
451
763
254
27
380
101
605
203
732
84
646
199
479
171
749
625
740
112
686
591
611
724
521
270
402
352
609
373
147
692
389
569
210
748
458
246
628
655
722
590
241
79
142
26
12
310
276
334
512
480
87
592
410
525
140
664
127
440
448
427
283
739
452
281
600
576
542
88
346
560
39
162
430
663
700
360
86
650
734
7
323
473
653
359
399
106
204
522
284
206
306
424
381
662
301
720
38
623
358
639
507
709
606
148
218
531
61
93
155
728
110
411
362
231
622
177
759
138
658
134
679
442
251
557
50
286
534
387
89
257
245
438
428
53
262
132
56
638
215
275
156
189
463
107
68
209
230
593
447
57
379
288
642
674
234
626
113
124
404
766
348
224
765
647
108
19
466
481
574
374
207
33
645
505
581
226
705
102
47
24
371
757
449
285
752
137
750
23
258
295
632
69
618
105
527
535
187
99
495
164
682
363
431
485
338
10
738
552
717
636
282
125
103
544
253
672
85
613
279
721
561
598
259
484
339
109
395
223
616
14
627
565
474
649
235
1
356
573
95
595
337
693
538
97
277
487
754
315
247
296
701
714
255
464
761
483
100
419
691
517
35
188
541
311
193
248
435
694
629
635
385
630
503
614
322
8
513
336
59
120
651
297
494
684
28
537
340
133
450
333
711
377
583
178
425
264
220
548
91
601
252
67
498
238
376
615
637
528
668
396
213
680
181
665
265
426
175
489
111
634
269
185
398
708
11
227
602
5
543
240
63
263
21
312
657
743
423
500
470
733
260
550
696
249
64
197
163
421
756
702
510
758
726
585
456
515
420
