392
166
209
11
154
352
736
219
450
616
319
431
614
200
173
167
117
158
491
539
710
234
632
460
449
556
393
170
400
261
218
436
127
98
375
313
483
596
716
630
145
404
258
680
157
574
53
129
85
667
67
565
738
279
95
144
543
720
265
576
344
78
430
749
506
665
302
153
694
457
21
606
626
303
625
152
383
20
723
394
512
238
648
463
227
464
646
30
727
445
602
64
615
310
639
290
481
172
354
43
590
247
249
336
759
155
762
215
264
509
0
544
532
96
361
12
364
19
70
387
186
156
554
688
106
191
663
125
292
510
591
505
69
357
226
323
678
535
42
126
700
397
746
537
242
38
456
525
518
252
459
214
386
14
346
213
594
675
691
365
334
570
329
494
545
18
241
641
747
255
503
446
75
621
372
232
281
724
651
656
59
593
189
115
39
37
228
516
618
55
693
750
447
477
715
571
520
52
734
174
142
737
529
697
514
87
196
266
110
676
33
74
647
322
77
766
314
588
429
159
677
427
567
366
339
136
54
13
208
417
541
45
645
373
305
515
244
188
304
650
148
146
718
468
452
236
291
497
381
581
338
432
358
276
486
482
6
536
595
123
233
472
230
489
498
475
745
467
260
674
572
415
102
35
703
182
107
280
619
613
61
499
573
184
538
185
640
331
49
530
246
685
480
299
139
586
66
296
578
369
604
263
220
629
88
458
368
493
221
250
587
130
484
165
2
517
44
569
198
380
307
437
308
243
388
28
83
229
367
10
396
474
162
761
504
24
479
377
207
327
140
662
58
406
598
402
719
549
97
488
657
434
22
495
237
195
702
29
111
56
275
612
362
550
277
205
112
692
421
683
300
349
282
121
222
603
7
426
175
562
204
201
376
301
731
286
511
150
199
533
669
390
395
311
741
661
315
251
283
270
608
91
374
687
180
211
359
443
212
1
552
378
501
99
706
442
306
178
183
679
755
147
309
730
592
611
664
566
143
350
193
163
108
440
735
548
411
438
732
116
60
248
298
696
47
709
407
701
631
705
690
409
507
161
522
577
453
26
423
637
391
149
41
707
355
408
328
36
420
642
253
181
722
80
224
579
633
553
288
531
546
168
231
689
713
262
500
63
609
476
490
424
216
742
652
698
318
597
389
131
72
461
137
756
202
561
268
104
672
448
628
526
413
109
425
190
659
133
317
235
27
114
551
711
681
134
82
297
293
57
363
585
176
5
508
414
73
379
65
93
635
454
760
455
23
348
605
25
120
752
92
666
324
627
210
660
673
422
332
330
335
743
245
259
343
94
89
68
197
634
113
337
560
418
345
519
684
470
105
347
295
401
523
649
729
71
240
267
725
492
86
748
695
521
370
274
285
540
269
90
50
360
584
385
643
636
558
46
654
79
451
119
764
101
712
371
84
3
187
40
599
326
513
462
441
177
638
765
118
294
644
670
563
103
340
194
412
758
321
278
528
658
384
754
341
699
469
496
601
342
320
473
439
192
502
527
164
284
76
471
708
34
653
739
435
682
356
223
726
16
257
51
225
203
15
287
607
433
141
239
668
405
767
169
744
138
4
273
316
655
704
