500
188
71
516
565
233
334
678
746
255
79
351
150
646
742
226
242
639
583
138
554
679
619
116
372
476
632
201
420
528
256
553
497
711
175
183
317
753
195
37
610
523
32
437
7
295
219
582
80
359
436
66
757
323
517
662
70
595
429
596
185
487
758
421
238
0
410
415
566
167
18
375
211
419
162
721
97
545
493
430
131
347
740
388
200
636
719
112
96
35
529
386
348
708
363
299
218
272
724
615
293
400
699
733
361
83
285
117
292
344
713
76
452
490
677
310
161
512
455
760
65
686
759
755
146
223
61
555
107
459
767
324
187
54
715
170
73
714
600
506
209
125
448
573
643
275
488
423
676
364
300
469
425
434
68
548
443
465
693
379
722
496
243
169
411
384
271
147
120
235
468
524
551
621
157
168
730
268
89
547
494
570
134
331
56
33
250
306
46
189
748
158
247
184
575
710
477
345
556
29
732
688
41
222
404
627
45
248
504
413
466
535
36
102
463
626
16
484
225
709
533
227
431
464
198
395
749
689
637
697
684
135
179
660
176
598
115
15
501
19
199
354
48
42
296
236
401
136
75
650
356
414
111
110
82
574
139
579
240
355
667
638
482
208
683
50
633
346
64
428
409
682
647
315
329
278
180
625
422
756
205
130
560
725
525
591
1
432
160
156
505
338
283
599
471
620
312
489
178
305
581
282
681
21
26
357
274
210
663
656
258
707
564
661
320
72
173
446
58
550
559
674
88
365
193
277
519
326
257
122
481
485
280
727
77
486
186
458
20
302
526
308
204
245
698
390
289
587
510
716
645
569
265
174
39
441
568
216
59
507
706
377
424
126
604
237
155
264
546
609
672
270
144
203
391
279
137
165
513
541
657
252
700
327
260
623
371
52
607
543
658
536
214
576
381
514
396
518
418
192
373
290
402
5
450
40
462
561
224
751
654
498
696
417
670
408
11
301
303
6
515
366
653
592
90
358
350
664
43
352
196
572
606
537
44
370
49
739
651
3
473
53
671
701
9
617
687
325
220
449
534
412
718
128
492
611
479
103
704
665
491
457
23
673
2
608
86
343
171
34
406
229
440
649
738
13
669
695
322
712
239
164
741
98
141
557
298
340
294
522
385
132
394
62
140
4
85
197
84
558
60
571
618
30
589
25
288
478
369
542
119
74
634
624
540
313
426
143
563
217
153
182
392
652
123
692
57
376
655
286
393
149
297
461
191
552
94
640
628
166
694
527
17
614
249
521
207
104
12
580
747
451
605
731
262
91
127
254
307
403
435
531
92
433
735
766
154
27
336
234
287
328
405
734
467
316
764
221
67
442
383
438
754
380
642
690
578
304
367
105
538
253
63
38
333
276
267
474
668
612
142
10
22
194
159
251
447
635
597
87
631
584
335
337
703
601
151
594
407
172
241
472
362
577
680
108
586
544
549
261
509
129
342
332
427
508
736
763
752
152
648
567
101
593
630
532
148
181
341
47
750
453
231
726
215
723
456
562
330
230
389
100
720
439
232
31
743
616
502
259
520
511
321
644
499
729
585
737
145
177
603
368
69
291
81
228
622
133
397
691
470
