586
731
97
652
215
696
82
756
278
442
332
344
323
494
222
74
118
87
58
244
268
396
700
528
419
521
546
738
33
420
13
194
416
139
744
264
763
380
433
38
281
563
509
188
272
169
630
543
44
234
394
325
176
709
39
408
657
100
593
18
383
741
486
725
716
584
689
80
75
214
168
66
429
658
154
249
52
582
662
479
674
60
311
377
446
669
556
265
757
342
503
655
545
686
498
374
181
640
236
746
150
425
552
103
682
73
349
376
414
35
250
185
758
173
299
532
653
664
247
634
341
449
733
707
92
206
511
189
157
487
561
61
178
648
466
133
557
205
629
504
754
382
645
199
761
538
701
711
514
329
390
16
610
726
99
659
212
307
320
360
17
270
21
53
535
595
275
207
7
397
580
208
327
361
470
643
558
574
155
93
70
261
291
29
223
432
253
46
415
520
1
603
286
284
238
10
126
649
471
358
95
720
182
646
704
393
463
533
526
570
252
435
572
300
401
120
665
474
274
737
42
313
330
123
685
324
513
579
263
434
63
144
567
735
203
749
257
404
195
2
266
259
295
600
51
112
499
161
76
255
694
282
743
301
145
622
8
605
131
445
455
619
488
718
501
375
666
727
597
220
460
294
551
180
124
179
67
599
681
663
15
27
125
267
49
30
745
530
440
527
624
69
554
369
495
728
613
138
469
632
760
448
235
102
631
391
680
713
280
500
337
94
381
571
143
130
19
106
407
24
439
229
547
385
389
522
104
465
730
14
475
542
540
519
290
410
524
117
196
45
621
392
3
343
747
506
258
715
450
618
457
190
436
417
690
345
676
318
54
672
230
9
447
239
142
288
371
641
237
209
454
116
246
608
302
350
560
388
151
654
277
626
219
667
481
598
617
555
310
137
699
285
293
78
687
356
456
149
20
41
201
204
502
464
353
678
147
279
202
90
485
225
591
273
531
762
424
4
175
656
101
590
32
37
644
703
759
303
83
764
346
269
702
114
365
423
729
287
163
312
550
340
187
583
426
476
40
717
31
113
453
587
326
227
480
260
467
633
355
308
507
334
387
620
115
691
81
156
517
534
322
0
482
351
228
736
708
430
170
399
697
296
578
251
159
148
647
211
184
283
422
698
362
108
127
200
688
191
483
347
55
740
335
64
65
135
47
248
36
516
241
43
627
336
164
418
742
564
276
57
412
107
575
218
734
162
224
177
438
132
732
348
536
628
256
171
462
637
594
512
636
441
459
677
140
50
596
710
614
562
136
472
489
370
28
198
245
611
484
752
642
724
695
670
398
492
62
298
452
243
403
712
461
721
89
544
153
510
328
242
668
48
458
612
589
297
588
333
240
714
314
88
109
122
767
373
172
134
565
22
338
625
566
231
553
675
443
539
585
304
384
158
319
254
34
409
85
581
68
660
98
548
577
193
331
518
722
739
413
379
226
765
372
616
428
766
364
468
367
515
321
497
84
541
271
174
679
26
639
305
6
525
573
141
5
315
592
128
11
635
233
431
491
146
405
317
368
684
478
232
400
160
59
91
602
121
359
529
111
129
110
477
606
604
339
386
25
661
217
615
537
