567
468
122
150
58
349
606
281
575
241
443
76
508
503
173
130
211
370
88
397
414
73
123
502
199
725
630
615
694
577
189
616
342
351
16
681
584
236
568
522
628
100
223
388
1
550
309
696
664
686
559
270
594
29
327
337
647
318
49
149
708
635
75
633
435
485
644
25
263
164
747
401
85
599
756
693
221
46
271
680
579
486
187
372
549
378
446
667
727
626
32
97
92
525
569
530
702
464
617
733
109
562
205
472
396
71
126
188
751
455
602
198
429
757
588
41
290
226
345
679
528
418
118
711
590
358
728
586
315
197
570
55
717
457
723
668
9
287
658
142
709
110
243
739
736
524
222
648
163
79
534
423
552
571
620
637
766
492
134
278
589
535
646
713
312
748
170
7
249
652
517
33
543
56
453
386
393
754
22
146
261
153
533
38
487
114
3
685
763
141
671
420
139
480
184
608
661
481
439
734
105
212
556
220
705
735
329
196
306
470
642
254
108
44
434
206
95
704
67
11
183
374
307
490
225
54
15
326
182
268
94
208
368
746
177
322
336
596
557
509
407
227
272
148
408
683
690
507
743
80
103
463
168
449
91
514
60
672
454
542
361
8
364
394
413
28
120
229
591
6
738
666
112
169
749
210
654
613
467
102
40
201
565
175
684
359
678
595
392
248
158
719
479
665
371
47
732
140
179
706
687
136
651
391
563
603
203
171
585
43
219
53
497
640
715
180
675
269
99
292
722
548
190
69
260
341
144
127
673
598
496
215
493
625
656
98
721
428
101
670
576
19
2
737
645
389
437
304
657
425
4
305
50
506
383
634
519
695
489
59
730
302
83
339
438
381
677
113
185
558
316
107
328
593
333
539
669
395
65
520
741
466
66
691
128
610
317
308
244
431
499
742
348
475
288
376
641
624
761
165
286
294
759
649
532
331
325
266
356
582
51
104
622
283
529
505
419
267
5
718
712
601
213
726
382
34
233
264
546
346
293
692
430
674
483
367
412
129
541
298
125
424
433
193
447
137
527
324
214
147
411
360
619
758
682
762
301
631
399
96
477
448
314
363
207
583
87
607
275
365
540
343
653
379
458
70
755
403
402
518
78
352
473
373
57
444
404
578
500
159
488
551
461
415
30
724
194
581
273
239
262
151
276
405
410
295
384
74
204
561
145
605
224
106
357
494
767
471
246
0
385
63
355
39
442
255
155
564
417
377
335
710
369
380
116
231
72
259
17
566
521
117
303
93
643
703
462
167
744
366
614
251
265
217
340
516
330
362
289
406
650
191
660
162
274
544
427
176
422
612
14
48
580
161
178
701
277
592
526
37
729
573
35
445
611
474
12
752
228
740
338
311
512
731
216
387
174
320
501
157
452
131
720
572
482
587
36
450
10
536
154
332
714
84
296
554
547
515
156
432
347
242
253
409
353
416
89
200
350
218
52
195
82
545
688
574
398
235
152
560
230
689
459
707
538
451
597
111
280
250
24
20
257
247
64
90
440
186
135
166
639
81
699
553
232
764
495
400
77
629
600
436
354
23
460
618
662
285
121
750
240
300
632
172
498
252
765
132
465
21
323
