610
419
155
697
447
131
22
21
600
732
619
427
32
539
677
472
721
31
79
583
268
233
240
380
224
154
35
214
95
114
390
311
431
601
523
360
531
756
349
167
384
444
659
242
702
367
379
58
371
26
674
173
27
603
51
207
98
542
102
416
368
466
304
41
387
715
70
183
275
93
624
269
464
125
609
6
147
737
310
249
369
743
593
181
760
566
111
36
266
708
28
201
750
222
191
441
691
288
105
556
135
140
37
329
331
65
366
218
544
378
470
558
143
283
245
475
393
577
382
291
47
342
153
488
452
325
227
85
321
133
633
594
243
617
406
91
18
50
434
526
49
203
571
176
14
194
588
16
274
765
316
12
686
29
622
372
42
696
586
437
530
39
94
7
766
370
422
494
565
48
359
527
479
435
192
340
563
313
89
315
317
579
212
385
278
86
346
170
123
584
270
97
719
728
237
582
208
377
206
458
151
429
742
253
290
496
171
463
282
228
685
341
55
575
585
692
506
73
595
285
252
446
138
629
421
682
100
19
424
574
272
449
110
534
45
569
426
319
299
152
185
71
520
142
223
580
113
645
399
220
650
428
373
567
664
241
251
175
681
507
745
572
480
297
386
295
607
655
30
256
166
557
687
3
404
348
735
628
264
178
568
339
500
9
375
767
505
525
676
704
305
187
510
410
326
157
10
727
535
661
405
667
762
612
744
136
457
83
149
502
670
259
231
182
683
442
156
358
465
611
362
129
15
541
134
397
514
623
518
226
355
289
172
716
54
179
462
632
177
414
354
127
169
232
699
747
347
710
749
101
265
573
328
196
690
516
62
537
13
67
501
615
660
78
24
636
174
300
641
545
391
473
578
688
621
17
318
644
662
596
642
144
513
292
503
76
77
236
620
314
82
515
229
306
294
374
4
96
666
532
215
11
165
109
443
438
324
353
672
726
606
560
234
724
440
553
451
485
733
235
333
707
626
512
597
197
482
302
286
219
486
640
69
481
184
648
639
489
205
301
739
257
415
210
364
529
361
625
543
521
248
439
148
225
561
112
336
281
99
195
605
273
345
634
276
552
751
403
453
388
330
168
522
296
247
717
334
308
658
59
5
758
689
671
72
703
508
137
104
145
413
61
284
738
499
139
180
199
130
740
613
673
741
587
524
230
450
718
720
540
217
474
66
395
254
759
533
88
549
483
748
445
730
763
124
277
492
38
581
646
57
162
723
260
456
616
454
651
652
204
216
693
731
409
528
418
117
107
665
669
351
627
536
255
357
43
209
0
221
115
46
122
356
564
497
546
126
132
60
631
643
705
262
263
103
376
407
392
618
592
200
635
663
495
548
461
668
160
312
698
637
695
420
320
146
350
280
614
714
647
752
657
44
402
757
484
400
701
20
74
119
202
425
381
323
64
649
161
344
436
630
40
680
80
239
412
188
343
761
81
186
337
408
198
562
258
365
570
84
684
433
547
468
279
504
493
2
712
244
398
460
656
1
56
519
118
448
327
430
602
476
608
599
213
150
394
363
736
711
675
554
764
491
753
538
478
590
509
490
713
709
411
679
469
238
116
303
487
53
211
417
