195
257
331
637
262
727
445
576
584
8
76
726
686
665
535
231
407
320
624
178
512
82
101
253
358
583
438
322
536
100
240
174
180
382
596
120
602
731
463
109
500
456
350
597
264
729
40
573
160
675
652
452
562
17
28
48
139
647
656
122
718
702
83
467
668
222
308
710
177
355
26
446
341
274
261
527
305
465
476
375
413
759
15
554
97
62
148
396
57
694
228
71
548
30
715
681
189
364
745
296
724
297
111
342
397
288
514
378
699
185
585
80
753
307
273
510
242
419
373
35
447
338
127
165
618
628
662
135
6
534
638
484
735
87
68
215
166
551
190
404
614
709
125
667
310
387
94
238
680
748
696
415
610
609
164
461
730
518
291
480
563
145
128
29
658
210
424
302
392
315
41
682
744
488
426
579
225
143
12
429
622
693
188
93
639
18
487
3
687
747
454
301
402
677
254
621
483
432
332
244
728
697
77
275
466
516
393
672
129
368
653
366
525
408
646
383
575
663
660
673
532
217
157
319
270
386
363
376
550
269
227
400
717
499
65
22
369
281
485
605
10
245
636
457
64
733
112
627
640
561
134
423
278
211
511
175
47
239
642
365
590
367
502
293
58
27
498
559
545
11
219
55
90
497
654
379
738
121
388
634
742
755
374
25
56
620
403
732
354
279
443
313
657
271
53
540
337
295
468
723
685
477
574
133
720
19
32
333
425
353
168
318
412
436
130
123
737
198
713
96
69
193
555
161
233
191
633
187
13
706
138
266
54
51
226
705
543
290
455
760
216
437
595
156
401
229
632
116
676
604
351
21
578
692
703
194
311
613
417
183
475
606
334
4
199
608
172
214
108
496
182
314
444
482
406
126
202
721
474
586
589
171
287
655
643
473
556
651
89
107
409
67
537
38
431
580
558
754
530
328
300
324
470
284
7
492
88
648
506
197
758
380
230
746
591
722
695
544
612
218
520
102
725
691
66
149
629
250
560
186
603
405
472
669
566
674
601
352
294
255
0
522
286
206
78
553
124
268
577
75
265
321
325
607
304
323
86
99
541
163
623
299
213
16
650
232
469
440
519
81
503
762
564
267
451
173
766
176
347
276
37
49
326
14
599
670
478
346
306
549
235
428
547
708
259
571
289
719
649
464
316
557
179
110
664
207
277
495
671
458
750
243
509
567
246
598
9
84
517
280
616
224
272
391
756
462
1
142
630
389
43
91
241
734
700
115
631
486
162
359
146
52
533
594
448
327
739
701
336
141
153
434
317
707
152
204
203
513
659
61
615
442
36
617
167
453
136
479
20
619
50
420
237
644
159
531
362
24
345
309
678
381
504
600
416
635
221
196
743
581
542
711
592
234
690
260
546
150
593
372
248
704
103
200
765
679
494
569
582
46
344
450
282
118
70
340
568
339
526
119
491
357
712
505
192
205
249
422
684
377
740
201
59
421
741
131
158
626
398
524
515
430
343
763
92
471
114
414
565
330
220
752
435
490
751
714
154
236
361
34
449
45
117
105
42
85
767
390
528
394
212
104
147
252
303
385
716
433
256
312
349
481
95
348
507
371
689
208
523
459
329
