385
713
442
16
193
99
28
711
326
607
223
35
461
640
725
730
564
515
160
161
601
437
210
334
405
531
241
441
331
217
209
371
632
678
420
755
180
544
167
221
492
90
635
559
24
659
267
335
602
499
518
652
299
270
162
49
105
660
361
579
63
417
256
58
567
366
286
107
130
699
201
292
360
447
126
14
276
750
170
66
732
458
648
91
377
336
568
144
380
33
633
7
506
253
291
431
32
131
460
259
743
562
344
516
689
206
137
195
224
545
11
397
110
426
89
203
198
409
586
504
225
741
532
40
263
683
69
191
588
284
394
352
220
387
613
412
31
709
2
181
702
112
57
423
744
673
446
487
651
246
54
1
538
479
101
61
169
467
323
100
6
757
739
142
233
274
365
547
125
349
26
145
226
719
140
92
179
439
393
297
236
333
430
102
320
587
304
9
692
714
204
566
578
375
616
508
476
213
731
500
700
328
542
53
670
665
85
478
583
324
756
646
165
13
762
527
19
211
154
248
207
688
73
628
95
654
521
754
517
396
560
197
234
381
522
477
242
650
733
116
184
378
159
321
163
577
247
572
60
629
636
764
653
156
254
277
200
493
466
390
701
530
400
64
354
98
384
113
27
36
553
332
389
42
728
382
317
373
761
395
401
288
684
388
406
215
147
561
103
171
148
668
454
47
135
558
753
723
419
740
526
367
368
239
513
525
194
520
737
433
309
710
592
121
703
208
495
462
721
428
608
436
631
115
537
682
571
87
268
127
363
594
643
300
707
600
52
617
404
679
712
625
327
68
618
758
609
202
343
114
674
41
452
641
729
376
18
262
597
222
691
486
590
603
383
74
370
55
735
637
535
491
157
449
379
510
734
46
392
539
76
464
346
759
173
199
237
615
440
726
308
502
265
310
488
503
416
17
529
264
122
576
391
149
279
496
337
20
663
287
133
80
188
278
507
505
767
136
694
574
639
738
235
485
550
312
43
257
120
183
272
718
686
77
108
186
399
482
289
306
351
303
79
88
30
415
227
573
704
230
509
581
134
626
589
305
408
634
83
44
231
543
282
362
48
153
283
565
645
166
627
178
109
290
168
422
570
106
15
642
37
182
313
139
315
348
311
269
434
150
519
511
706
82
22
612
680
736
252
59
243
675
418
275
687
752
345
358
672
23
78
138
596
638
748
356
546
143
296
340
443
0
614
494
187
67
339
480
661
117
216
489
666
357
338
411
111
697
71
763
497
548
595
251
429
474
386
455
751
598
696
273
540
298
350
238
319
232
481
695
705
128
325
176
512
3
745
624
765
459
676
175
746
693
766
413
214
266
353
555
528
623
593
294
498
557
34
104
671
4
523
189
720
747
51
5
96
610
414
536
177
330
554
295
123
534
228
212
205
132
314
490
708
219
667
185
75
644
742
448
146
541
611
722
450
50
425
10
649
316
619
698
677
45
473
403
62
606
398
451
12
72
39
724
152
664
93
621
164
229
364
585
662
658
240
456
271
65
605
551
424
584
575
407
86
524
717
685
599
255
250
556
435
402
141
669
620
465
261
281
129
533
463
260
119
410
432
302
483
468
329
