741
707
242
151
658
489
645
281
173
622
400
498
644
559
135
508
540
406
531
730
621
34
675
550
581
178
192
438
12
222
14
633
176
750
380
201
320
601
134
421
520
119
116
109
548
423
462
254
198
248
76
262
237
171
577
351
595
179
425
311
99
367
73
197
42
409
483
161
480
475
21
360
514
538
205
511
395
442
166
291
84
502
573
22
434
544
586
307
416
223
424
35
441
2
346
461
537
597
497
613
547
748
467
455
187
82
332
635
131
566
44
704
115
372
527
40
47
465
753
747
153
617
472
486
74
575
426
63
91
32
604
654
616
251
246
720
124
132
685
419
353
740
250
485
535
571
695
29
240
231
584
499
101
121
41
241
717
515
479
347
459
67
470
386
110
536
195
574
83
359
463
701
399
65
418
403
582
526
80
207
38
492
476
199
45
235
329
215
686
36
224
7
487
382
643
501
660
265
761
371
103
233
518
554
767
100
417
762
314
596
68
694
39
580
473
523
53
243
4
699
337
200
9
603
180
513
495
564
651
756
398
316
331
698
77
107
313
16
3
632
755
272
522
152
87
665
89
549
422
656
712
454
92
451
11
143
534
594
188
325
661
507
292
543
606
280
183
210
405
244
78
496
324
529
758
365
650
70
692
51
542
719
714
239
589
410
96
296
27
460
614
245
148
682
565
147
726
220
464
113
122
234
453
54
378
374
673
221
533
138
739
108
208
636
104
193
206
43
133
412
718
392
358
49
120
293
760
561
259
629
605
524
746
456
95
263
749
620
700
440
218
81
226
387
546
364
37
385
111
227
61
249
509
204
638
212
167
255
310
75
693
321
731
340
402
669
510
674
149
102
126
408
190
10
427
114
230
725
413
355
301
146
216
377
159
570
610
754
72
266
592
642
553
471
357
578
448
376
445
667
282
157
481
450
444
288
275
431
687
744
315
129
556
379
309
145
764
300
401
384
738
766
23
583
478
128
274
429
576
551
618
525
447
690
558
305
389
388
322
5
203
562
189
466
383
306
30
724
641
608
759
185
646
344
169
593
710
363
670
127
350
532
278
97
31
624
683
691
729
640
711
709
688
256
370
677
500
721
619
217
335
432
48
552
696
283
723
705
362
141
175
587
585
136
60
381
435
182
494
284
270
202
630
443
555
684
733
196
19
752
765
194
639
678
125
430
634
722
713
24
545
318
491
647
373
238
706
177
334
681
137
25
17
708
85
294
142
165
652
607
469
257
503
191
676
181
528
261
591
33
560
397
567
343
304
530
105
253
349
484
539
308
154
56
375
449
572
390
341
236
715
290
631
123
184
269
504
170
327
653
516
106
160
219
468
361
743
214
229
55
612
69
352
302
57
668
0
94
702
298
735
62
354
164
88
338
86
18
139
598
458
433
411
323
568
71
276
228
505
268
599
369
330
46
666
734
391
737
66
474
736
428
611
162
163
348
28
457
488
267
602
345
277
150
519
649
98
439
117
407
716
286
493
58
312
342
394
297
579
6
285
671
420
512
679
155
563
156
757
20
287
506
295
689
319
697
615
50
303
521
742
79
396
637
26
727
172
333
15
299
328
