668
684
505
210
661
433
59
757
7
412
590
704
290
486
743
296
622
729
512
696
4
537
92
73
432
561
643
619
545
111
108
580
329
515
140
192
534
51
745
229
605
478
112
451
706
482
719
689
439
736
255
143
82
257
471
133
152
201
130
76
188
81
235
384
252
397
422
386
162
525
230
504
293
617
398
129
70
464
726
364
117
678
72
297
266
67
409
53
304
416
438
604
502
728
365
548
299
751
420
310
556
8
314
359
602
354
653
134
31
441
469
618
333
41
405
473
588
28
401
491
187
644
195
626
263
733
672
169
638
289
155
596
378
670
331
301
372
747
718
37
500
680
694
322
625
708
330
315
487
406
368
516
562
766
291
295
96
42
178
145
767
475
683
752
346
45
610
612
579
693
325
79
697
477
727
476
16
153
24
154
554
522
415
142
222
667
723
621
655
369
118
30
34
91
274
448
600
308
468
582
677
568
584
61
753
591
120
136
227
344
281
705
150
174
240
443
89
765
707
20
36
431
740
165
496
29
509
551
648
21
611
685
128
641
519
340
3
350
282
518
654
318
182
379
536
567
225
424
54
214
467
132
494
339
205
271
164
65
63
146
232
428
457
540
93
197
194
463
163
454
46
137
429
2
589
361
381
23
177
715
349
632
543
337
411
410
355
115
664
253
430
555
481
321
530
585
645
217
756
597
206
85
445
450
459
158
17
394
387
498
269
66
287
185
376
690
403
593
352
633
216
292
646
80
122
166
741
200
141
40
55
614
144
183
224
754
52
309
184
15
272
160
285
506
102
495
135
606
103
19
739
374
513
732
639
317
734
360
529
87
583
676
586
435
634
74
528
147
226
681
628
742
418
456
503
695
6
711
524
35
388
571
699
22
44
709
323
203
247
393
722
549
623
250
703
303
603
71
651
208
449
60
324
533
50
737
407
56
69
538
658
587
12
511
373
332
630
642
665
259
94
213
245
717
57
746
32
650
186
640
663
636
492
679
507
577
95
440
284
159
674
258
260
570
501
669
761
189
300
472
399
576
635
0
101
171
666
280
172
417
218
64
599
104
231
620
267
262
595
13
613
191
688
62
465
157
237
552
243
662
228
10
138
268
408
510
744
460
484
335
161
204
9
657
78
749
531
763
175
233
1
631
421
107
629
508
100
305
338
382
762
90
581
168
312
148
77
246
151
38
367
713
656
489
532
5
682
671
370
215
83
716
687
97
380
306
395
88
437
474
294
413
691
594
578
14
124
470
319
275
84
276
396
764
659
371
565
453
499
139
550
327
109
98
598
43
47
11
212
180
675
114
759
86
348
493
414
553
173
673
566
390
283
353
181
298
738
313
320
99
607
427
402
758
692
131
248
466
391
442
199
520
392
328
627
156
592
264
557
363
649
68
426
447
207
149
616
209
480
490
362
193
125
202
113
389
750
730
483
198
121
261
347
526
735
748
572
265
356
714
720
358
400
167
377
27
419
458
725
423
569
573
698
223
238
127
190
700
307
624
485
452
277
278
288
760
444
302
219
535
256
385
366
660
326
176
436
601
462
434
26
575
446
564
116
18
544
236
461
383
710
