107
156
283
638
348
59
131
606
741
551
143
208
149
173
754
682
565
195
367
480
205
443
603
138
669
150
402
311
277
380
765
163
261
471
313
632
758
415
176
157
513
538
213
372
355
371
8
391
491
522
405
365
417
749
376
486
168
109
735
357
67
378
692
324
646
287
680
453
126
485
82
224
159
5
7
271
215
217
482
119
752
12
759
722
113
285
185
548
630
263
37
498
29
237
76
503
338
206
448
95
493
315
26
668
717
461
362
596
231
47
476
684
43
291
68
86
464
142
645
294
158
384
52
93
227
104
98
587
609
63
637
559
295
459
597
218
92
605
761
567
244
454
351
705
167
536
561
516
412
290
96
755
706
363
546
198
39
451
264
729
71
442
577
31
281
134
207
358
201
495
21
253
462
457
117
425
352
474
653
89
375
756
570
576
436
581
275
262
757
438
469
321
320
147
762
487
397
396
212
128
744
41
66
152
686
175
322
190
657
747
419
49
470
349
292
183
97
346
433
171
617
708
87
553
418
221
676
110
573
424
216
337
691
219
46
688
44
9
162
247
707
297
658
447
502
336
628
130
211
599
101
650
623
753
331
504
23
373
361
252
588
296
75
268
106
15
326
492
463
710
62
510
223
665
571
703
550
166
2
17
444
79
151
721
468
652
526
766
6
330
103
186
250
299
627
389
569
611
633
416
40
35
489
267
420
276
192
527
137
518
655
343
115
763
685
615
144
329
716
435
280
557
545
344
135
172
583
400
725
591
704
53
456
327
38
58
339
626
422
197
379
488
578
750
681
100
728
467
88
233
342
663
278
272
511
465
187
81
586
154
179
72
568
517
30
695
180
434
133
255
713
307
593
670
473
445
194
239
745
364
54
475
767
354
274
304
452
410
625
535
398
746
241
496
45
677
42
204
99
737
136
697
57
724
246
102
675
718
360
22
540
441
288
317
214
165
222
254
14
497
69
643
169
153
629
83
335
232
614
431
696
672
25
34
450
507
340
666
303
631
381
634
594
714
210
687
170
429
265
500
608
129
270
533
760
521
395
64
409
394
301
458
403
408
312
411
477
300
572
613
10
709
743
555
404
316
584
590
230
674
542
141
519
85
739
65
501
234
612
121
282
711
258
124
108
140
51
377
27
386
139
199
369
33
515
393
574
727
120
298
479
738
328
667
661
56
20
512
432
664
238
619
350
123
506
414
654
236
19
720
228
660
188
579
356
556
439
544
245
478
455
683
314
209
16
193
399
50
726
293
582
616
483
689
191
32
289
160
257
374
740
145
48
407
279
28
537
284
731
648
466
641
401
541
90
460
580
94
127
607
554
148
259
528
249
18
24
243
636
184
733
181
125
382
523
532
61
602
118
385
699
4
256
388
430
736
524
333
60
182
196
226
220
620
534
678
566
621
449
202
309
84
651
647
78
0
3
155
164
543
563
679
70
383
694
174
719
610
200
520
318
266
406
529
659
531
366
353
11
509
656
74
105
690
319
189
564
428
481
132
325
251
644
484
345
413
310
73
525
748
562
286
505
114
334
446
499
240
575
235
494
427
306
715
359
112
260
624
116
370
387
