167 178 0
162 31 1
142 96 0
132 169 0
169 74 1
36 173 0
113 125 0
109 22 0
96 101 0
31 50 0
46 174 0
67 50 0
79 79 1
128 148 1
33 64 0
24 60 0
108 75 1
182 39 1
89 134 0
65 140 0
184 149 0
137 170 0
82 101 0
72 144 0
113 93 0
140 95 0
29 66 0
182 117 1
155 32 1
98 99 0
86 52 0
91 27 0
182 108 1
96 133 0
168 175 0
166 170 0
47 121 0
131 116 0
176 173 0
170 41 1
117 150 1
40 161 0
182 73 1
169 47 1
116 128 0
17 122 0
62 93 0
170 23 1
126 144 1
147 43 1
156 144 1
41 109 0
119 32 0
28 62 0
107 70 1
135 103 0
12 142 0
126 120 0
109 41 0
65 152 0
105 39 0
72 76 1
48 158 0
25 132 0
112 30 0
69 151 0
9 117 0
168 131 1
40 88 0
182 105 1
137 153 1
72 53 0
134 88 0
132 46 1
180 86 1
80 35 0
63 151 0
175 158 0
181 38 1
41 111 0
154 22 1
49 163 0
144 41 1
103 35 0
98 44 0
101 95 0
168 119 1
134 169 0
169 35 1
134 144 1
20 139 0
179 52 1
82 39 0
65 114 0
51 170 0
69 47 0
137 85 0
113 102 0
128 159 1
149 152 1
121 31 0
78 134 0
89 29 0
39 98 0
178 161 0
108 94 0
34 112 0
122 132 0
175 70 1
22 134 0
125 60 1
168 74 1
62 113 0
171 86 1
48 92 0
70 142 0
40 162 0
52 32 0
105 126 0
171 180 0
184 153 0
173 81 1
26 50 0
171 176 0
145 181 0
56 38 0
86 41 0
132 81 0
46 122 0
119 19 0
118 51 1
174 133 1
66 136 0
104 59 1
41 48 0
131 114 0
97 138 0
78 145 0
30 64 0
53 30 0
133 95 0
137 107 0
28 86 0
108 30 0
34 179 0
13 157 0
122 150 1
117 156 1
163 171 0
47 95 0
120 153 1
80 143 0
90 157 1
176 24 1
19 136 0
178 154 0
91 42 0
132 156 1
117 53 1
62 147 0
86 158 1
86 91 0
86 97 0
50 111 0
118 134 0
160 128 1
138 45 1
43 90 0
79 91 0
32 94 0
57 98 0
169 169 0
105 21 0
90 166 1
26 179 0
134 182 0
134 142 1
109 146 1
128 154 1
76 129 0
31 56 0
79 128 0
146 89 0
74 36 0
177 133 1
171 41 1
44 174 0
37 156 0
147 184 0
61 45 0
50 121 0
117 157 1
46 117 0
35 38 0
102 90 0
67 68 1
123 147 1
168 116 1
145 141 1
67 53 0
117 54 1
42 41 0
183 33 1
70 40 0
36 37 0
50 32 0
42 162 0
95 162 1
38 169 0
91 107 0
150 39 1
31 111 0
44 182 0
121 53 1
64 45 0
84 39 0
68 39 0
182 71 1
64 143 0
130 181 0
160 174 0
83 159 1
168 87 1
67 58 0
106 125 0
158 22 1
160 16 1
105 161 1
143 34 1
23 55 0
102 21 0
106 45 0
103 77 1
62 39 0
70 55 0
24 57 0
176 17 1
71 42 0
73 150 0
129 40 1
104 137 0
99 148 1
89 76 1
152 185 0
83 171 1
169 103 1
51 39 0
140 27 1
107 158 1
18 161 0
103 23 0
129 150 1
153 141 1
97 91 0
101 84 0
143 94 0
181 31 1
119 62 1
31 107 0
180 66 1
105 65 1
150 137 1
8 129 0
75 88 0
149 177 0
158 171 0
69 89 0
56 37 0
152 138 1
35 108 0
98 153 1
106 102 0
132 171 0
44 153 0
67 91 0
147 92 0
144 175 0
82 97 0
95 68 1
40 153 0
179 100 1
63 39 0
118 110 0
141 175 0
43 48 0
162 179 0
42 87 0
30 58 0
116 57 1
133 178 0
56 108 0
128 106 0
165 131 1
112 54 1
37 179 0
167 124 1
150 43 1
130 83 0
140 143 1
44 163 0
156 176 0
47 113 0
113 85 0
19 161 0
40 87 0
130 155 1
109 70 1
174 76 1
115 70 1
120 123 0
77 48 0
93 154 1
16 145 0
128 144 1
128 147 1
129 176 0
23 140 0
127 49 1
56 51 0
40 183 0
26 45 0
146 145 1
66 105 0
12 157 0
167 17 1
56 101 0
81 100 0
107 44 0
177 168 0
23 59 0
145 28 1
46 158 0
38 156 0
67 93 0
102 140 0
27 59 0
182 65 1
176 31 1
46 120 0
125 120 0
148 135 1
121 151 1
113 94 0
98 96 0
125 111 0
175 56 1
26 90 0
101 68 1
97 92 0
102 123 0
23 67 0
47 118 0
41 87 0
127 155 1
71 95 0
70 88 0
76 75 1
143 179 0
60 112 0
177 58 1
93 54 0
49 121 0
64 39 0
175 33 1
66 34 0
57 158 0
74 73 1
74 80 1
168 172 0
173 178 0
115 19 0
50 123 0
96 147 1
52 96 0
104 38 0
106 76 1
165 137 1
101 106 0
175 129 1
170 45 1
90 48 0
154 181 0
132 147 1
120 116 0
60 153 0
127 57 1
95 23 0
78 47 0
71 53 0
178 116 1
174 91 1
42 94 0
27 55 0
68 109 0
90 105 0
101 69 1
168 89 1
185 162 0
116 134 0
144 156 1
99 136 0
107 16 0
104 122 0
65 48 0
144 38 1
17 187 0
44 170 0
76 128 0
161 129 1
74 34 0
138 157 1
118 126 0
113 159 1
142 94 0
48 98 0
85 39 0
58 98 0
125 128 0
96 74 1
119 35 0
63 38 0
184 150 0
88 71 1
162 130 1
113 74 1
110 125 0
177 37 1
169 54 1
38 76 0
39 96 0
163 34 1
177 32 1
65 96 0
73 138 0
107 59 1
129 114 0
60 138 0
102 46 0
42 59 0
171 84 1
29 59 0
45 39 0
46 31 0
93 40 0
44 113 0
133 106 0
39 58 0
36 33 0
135 52 1
10 117 0
128 45 1
63 72 1
177 87 1
66 100 0
175 21 1
69 145 0
177 43 1
98 40 0
114 17 0
48 102 0
167 116 1
90 35 0
39 114 0
163 33 1
45 152 0
48 157 0
96 129 0
27 106 0
91 25 0
177 173 0
49 175 0
40 65 0
151 30 1
173 18 1
78 89 0
45 124 0
28 108 0
176 130 1
96 137 0
24 147 0
101 64 1
188 164 0
109 38 0
70 135 0
23 83 0
57 41 0
93 96 0
33 107 0
135 60 1
50 97 0
55 32 0
181 160 0
171 110 1
124 126 0
180 176 0
177 82 1
34 102 0
124 121 0
35 174 0
90 106 0
30 110 0
85 163 1
89 155 1
43 121 0
38 166 0
122 60 1
27 62 0
88 93 0
41 176 0
144 185 0
50 164 0
60 75 1
16 176 0
93 63 1
113 98 0
105 89 0
103 154 1
78 144 0
131 169 0
174 168 0
172 122 1
105 97 0
49 109 0
16 115 0
88 161 1
140 53 1
190 151 0
110 149 1
108 134 0
41 96 0
141 89 0
131 115 0
59 141 0
165 134 1
171 29 1
72 133 0
93 134 0
102 64 1
84 174 1
67 114 0
180 123 1
43 165 0
15 161 0
38 41 0
86 69 1
73 136 0
41 167 0
182 53 1
51 119 0
35 105 0
81 136 0
148 47 1
144 40 1
113 114 0
42 60 0
177 76 1
145 86 0
35 167 0
125 44 1
69 38 0
78 78 1
61 114 0
101 136 0
172 65 1
121 145 1
45 151 0
115 16 0
173 30 1
160 142 1
141 114 0
176 123 1
176 95 1
66 155 0
119 178 0
146 47 1
171 140 1
38 49 0
75 150 0
117 62 1
137 169 0
151 183 0
96 87 0
64 100 0
136 58 1
124 146 1
125 170 0
42 44 0
90 174 1
144 24 1
44 104 0
81 104 0
149 141 1
52 124 0
144 153 1
41 102 0
182 93 1
20 154 0
61 111 0
57 51 0
109 89 0
76 63 1
46 157 0
98 167 1
112 39 0
62 152 0
109 34 0
41 159 0
176 20 1
48 165 0
99 42 0
40 172 0
183 162 0
71 108 0
131 89 0
50 42 0
112 72 1
76 73 1
121 66 1
131 62 1
106 78 1
50 154 0
98 151 1
151 38 1
56 97 0
18 124 0
55 122 0
181 96 1
120 51 1
183 42 1
86 169 1
72 99 0
171 17 1
139 150 1
165 119 1
26 153 0
87 98 0
86 155 1
13 148 0
126 122 0
70 145 0
178 128 1
138 49 1
76 49 0
156 151 1
87 105 0
28 39 0
61 152 0
131 170 0
155 176 0
12 122 0
143 25 1
177 90 1
124 62 1
113 128 0
56 79 1
18 144 0
106 162 1
132 103 0
16 128 0
179 79 1
98 104 0
94 96 0
169 16 1
81 76 1
75 78 1
180 98 1
61 50 0
60 44 0
82 40 0
148 179 0
181 153 0
71 71 1
104 45 0
164 124 1
178 159 0
157 135 1
131 145 1
97 132 0
63 120 0
91 138 0
89 70 1
129 126 0
168 44 1
62 71 1
101 105 0
84 77 1
175 51 1
87 32 0
146 25 1
180 114 1
113 116 0
81 101 0
118 115 0
121 178 0
96 162 1
72 35 0
90 45 0
141 27 1
44 53 0
137 41 1
112 160 1
98 107 0
24 68 0
77 103 0
97 89 0
157 22 1
101 65 1
170 38 1
117 124 0
171 22 1
71 92 0
106 67 1
37 48 0
160 29 1
44 123 0
10 139 0
95 88 0
54 157 0
121 149 1
103 93 0
23 93 0
94 85 0
151 178 0
87 29 0
27 78 0
100 156 1
27 42 0
51 105 0
99 165 1
102 77 1
92 130 0
108 145 1
180 171 0
154 183 0
78 65 1
176 74 1
156 20 1
50 114 0
180 95 1
90 127 0
108 118 0
44 171 0
160 179 0
21 150 0
165 179 0
42 118 0
176 82 1
97 95 0
98 71 1
95 156 1
130 171 0
70 140 0
140 179 0
59 37 0
15 128 0
64 108 0
89 97 0
95 70 1
61 71 1
182 85 1
63 69 1
110 120 0
16 144 0
115 71 1
65 52 0
62 54 0
150 185 0
32 43 0
125 179 0
110 122 0
87 39 0
144 112 0
87 102 0
165 29 1
76 100 0
177 77 1
44 180 0
128 55 1
173 47 1
90 175 1
74 74 1
16 157 0
84 31 0
19 185 0
137 87 0
55 106 0
171 69 1
169 141 1
120 176 0
106 123 0
101 78 1
67 136 0
129 180 0
23 175 0
24 180 0
44 89 0
151 35 1
24 175 0
56 31 0
127 52 1
31 104 0
86 54 0
141 140 1
143 112 0
58 140 0
86 37 0
44 108 0
164 180 0
85 65 1
182 100 1
104 70 1
170 42 1
42 110 0
180 69 1
42 109 0
99 38 0
47 124 0
59 68 1
112 32 0
40 64 0
97 131 0
121 147 1
122 59 1
90 62 1
23 139 0
81 55 0
99 134 0
45 153 0
131 47 1
24 145 0
148 28 1
100 136 0
28 187 0
21 148 0
42 66 0
55 140 0
170 166 0
190 157 0
98 136 0
144 48 1
170 77 1
120 27 0
71 73 1
43 174 0
77 77 1
124 169 0
95 30 0
99 20 0
142 52 1
34 40 0
80 66 1
92 169 1
94 170 1
53 109 0
178 47 1
178 123 1
94 150 1
103 164 1
175 95 1
138 183 0
16 126 0
112 102 0
