142
177
83
154
270
243
201
111
325
285
125
286
272
222
216
159
234
319
182
228
47
124
198
231
165
22
263
131
176
5
41
186
79
259
42
43
173
313
138
205
302
157
261
211
221
23
129
184
175
204
113
233
77
46
220
169
202
51
101
252
37
214
279
21
121
62
4
331
156
33
141
11
58
193
334
158
312
345
66
74
17
172
283
155
254
112
337
212
104
260
238
128
318
349
340
115
343
242
107
241
329
72
92
28
308
248
322
339
52
34
50
116
67
274
239
127
161
163
181
170
180
0
162
271
60
90
88
257
237
311
295
29
338
300
91
20
48
208
280
240
207
213
1
330
276
321
281
54
324
174
164
307
168
132
24
287
183
278
297
26
108
15
299
199
114
64
218
301
251
98
14
268
8
315
89
27
289
284
73
167
314
68
332
7
350
292
71
336
153
288
267
118
217
130
103
55
152
328
230
178
303
194
117
126
49
147
264
293
44
266
196
10
32
102
135
39
209
291
236
3
93
342
56
148
258
136
106
120
61
133
25
36
59
96
310
78
206
2
9
282
309
232
223
143
82
69
235
277
70
249
150
190
110
226
76
144
94
305
6
275
75
347
304
145
81
171
123
137
219
323
255
245
250
87
210
269
139
109
188
187
317
333
149
320
166
191
84
203
294
31
197
229
65
105
256
327
298
16
38
119
348
246
296
189
53
227
13
247
30
18
326
344
185
57
86
215
