150
169
91
298
305
312
327
286
224
174
111
127
122
344
180
11
131
89
275
106
236
85
90
271
232
249
4
347
260
348
242
270
93
95
6
163
158
188
201
173
211
199
272
125
119
18
322
105
73
167
92
227
65
238
165
294
5
186
27
107
219
67
302
204
112
307
59
12
342
218
350
120
29
58
154
102
299
293
223
257
247
80
268
311
171
185
217
14
274
117
207
51
9
139
16
138
0
161
225
62
245
162
295
70
205
123
41
38
213
159
251
289
39
331
78
258
146
332
17
261
231
88
172
291
42
132
229
192
179
147
330
300
277
100
34
110
189
250
329
19
284
44
278
320
191
108
303
79
333
208
8
244
99
306
288
310
28
31
55
175
32
221
48
290
234
33
35
326
63
157
128
46
66
197
338
334
343
283
45
168
47
113
177
287
40
21
101
164
69
53
137
24
285
187
184
134
267
116
212
142
301
206
269
56
61
337
228
230
84
181
349
114
325
296
222
118
273
170
145
345
304
54
176
323
194
198
214
340
256
182
336
98
103
246
130
97
321
82
248
233
60
94
193
140
160
148
220
202
152
315
135
81
124
23
10
13
96
210
240
57
36
314
20
309
75
200
77
263
346
149
308
2
52
262
253
259
183
151
318
190
74
243
339
87
239
143
292
266
136
166
83
155
279
126
195
265
324
104
153
282
226
25
196
64
15
297
109
26
76
43
280
3
49
341
30
121
