331
3
141
311
236
130
180
187
248
231
253
207
289
269
195
111
345
22
69
24
215
214
115
56
60
145
136
234
76
341
307
28
77
257
276
132
272
175
261
244
109
17
277
47
10
58
52
39
126
302
55
44
137
100
81
13
98
291
169
104
155
118
165
222
93
161
21
7
84
85
229
271
288
151
91
70
301
25
285
282
173
273
159
201
135
157
162
1
194
326
279
49
20
16
255
121
332
204
26
312
112
51
298
333
4
205
270
103
40
128
224
66
117
78
83
156
202
321
210
153
310
240
23
33
221
147
329
349
80
125
71
306
82
183
283
344
303
46
284
94
127
217
320
228
200
108
315
322
129
9
120
87
267
144
37
330
263
338
206
350
123
275
43
168
154
266
152
15
286
31
65
50
92
41
251
102
254
133
238
346
252
30
213
146
198
227
101
235
334
5
218
171
337
176
114
131
295
158
323
177
339
237
89
164
296
143
256
36
265
11
181
197
316
27
309
243
313
163
186
242
190
148
287
327
90
45
247
336
335
172
96
107
340
34
166
138
317
116
319
62
305
35
347
292
113
72
232
64
212
259
318
225
42
184
297
314
54
32
245
209
348
290
29
149
2
304
325
230
264
280
0
174
343
211
293
324
178
110
140
86
294
14
182
119
124
241
6
199
260
281
328
246
189
278
79
12
59
150
75
268
223
88
38
203
8
95
249
160
193
239
142
192
53
67
63
48
