318
161
205
85
300
146
189
275
45
24
29
226
233
48
301
40
97
72
305
106
137
286
267
246
328
272
317
91
186
303
342
298
210
111
220
0
1
249
100
78
67
134
86
171
73
251
128
183
143
163
37
282
263
138
60
152
133
126
336
309
64
57
103
209
110
335
271
44
162
320
337
149
314
313
174
225
46
38
243
208
347
31
101
331
55
197
51
52
307
236
116
217
237
125
296
338
28
170
15
112
23
79
153
158
119
252
121
270
84
264
118
244
30
259
218
18
182
329
241
199
17
144
279
245
65
89
262
200
291
177
181
179
62
339
214
260
346
325
81
308
175
299
88
63
168
80
12
132
321
192
213
176
285
105
277
36
104
169
82
173
49
167
239
160
54
131
211
326
69
315
334
235
206
22
140
10
194
109
34
185
310
9
319
154
56
341
129
165
324
207
47
253
311
20
188
95
27
123
58
102
201
248
8
61
4
322
124
349
202
350
39
240
135
11
159
238
223
75
195
227
41
212
25
254
196
139
266
43
178
332
148
193
21
19
141
117
166
203
340
231
151
292
343
247
306
120
255
273
294
96
323
32
14
284
90
234
327
180
302
76
66
229
7
93
290
71
287
219
265
250
232
289
136
344
2
99
122
230
295
258
70
157
142
312
256
184
35
216
164
26
6
330
42
127
293
156
204
316
280
53
13
5
274
74
33
3
304
261
221
77
191
190
198
228
187
98
