256
264
241
294
19
16
147
150
141
171
83
161
168
243
312
98
178
82
329
275
31
263
64
74
35
287
126
195
216
338
302
267
193
295
242
343
76
104
99
300
325
158
136
90
43
151
71
179
154
47
206
180
23
0
17
214
14
60
177
304
245
46
306
66
219
129
227
12
182
51
59
290
54
205
341
316
331
164
203
91
298
95
41
139
113
272
273
69
192
321
105
75
29
224
39
143
167
253
183
97
186
315
106
194
190
155
36
229
50
307
148
8
173
296
7
335
281
225
279
160
200
348
234
117
109
175
199
73
58
67
123
251
70
77
108
277
320
289
85
188
317
25
217
27
323
118
231
236
162
220
271
80
339
15
115
269
11
218
208
5
293
52
32
72
268
142
53
133
213
332
9
189
55
211
326
292
21
258
22
96
63
249
235
33
174
4
222
261
137
322
215
198
311
57
319
197
237
6
153
112
18
92
291
327
239
45
107
176
89
81
212
221
333
250
86
303
127
172
26
10
28
314
48
44
207
111
34
265
13
40
223
102
201
285
233
283
336
270
24
65
288
309
286
132
230
257
262
345
318
282
185
135
103
324
131
260
94
56
340
226
247
140
121
163
301
297
204
240
78
42
79
30
93
144
170
344
3
228
252
20
350
266
138
342
145
191
334
149
284
110
116
120
248
84
313
87
166
38
337
308
1
210
330
101
259
346
156
88
61
146
62
159
274
130
134
128
