304
127
35
11
332
130
5
117
315
344
120
94
345
312
336
206
333
233
178
296
237
50
201
19
175
181
116
75
40
205
279
2
165
138
313
91
18
226
16
17
335
295
265
21
252
267
223
220
20
249
204
43
108
46
157
213
6
72
316
231
64
154
262
218
27
240
52
1
331
188
66
88
145
198
58
263
224
234
284
330
104
83
193
242
82
153
118
292
53
302
135
167
59
176
319
307
71
328
60
69
73
297
189
87
247
24
222
95
274
33
251
61
147
65
182
207
128
32
278
169
248
322
28
115
217
255
8
159
41
30
168
276
173
34
187
243
49
210
121
10
311
212
190
97
245
215
324
56
180
125
264
13
45
67
298
196
89
172
258
216
155
337
221
321
270
259
235
76
4
15
112
203
271
80
310
219
141
63
350
299
123
342
257
7
177
209
250
77
301
70
314
105
281
261
129
107
99
113
246
260
254
184
103
96
106
291
119
38
191
334
151
214
306
152
197
300
323
148
230
287
79
326
290
55
303
51
309
142
283
320
22
62
126
139
338
293
9
244
225
110
174
25
137
146
164
195
156
86
92
317
81
124
179
282
202
162
294
199
308
85
136
346
289
241
114
158
277
341
98
143
74
288
236
133
185
275
183
269
0
36
47
150
253
232
57
42
272
192
339
23
14
238
194
68
100
122
340
29
343
273
229
170
37
44
134
347
3
305
268
101
318
285
149
200
348
26
