99
125
52
161
21
71
124
245
95
73
97
339
127
90
76
334
313
162
136
239
290
67
331
315
139
253
182
87
196
201
220
314
41
49
255
293
294
123
114
286
98
48
109
24
115
163
43
150
188
96
113
279
4
178
25
247
38
159
132
157
154
193
185
180
187
19
158
203
141
246
251
277
249
309
304
111
299
323
287
126
261
205
212
160
274
296
86
227
44
1
345
237
329
17
209
75
83
29
210
225
81
338
317
100
272
16
215
47
301
15
192
191
335
260
243
230
206
257
218
266
232
341
0
190
85
171
34
62
2
264
289
223
122
58
336
347
146
37
84
36
70
202
12
231
130
263
138
144
151
64
312
167
68
278
128
129
107
221
211
131
258
219
93
222
311
189
22
88
342
198
145
318
72
104
3
166
74
65
121
276
200
106
204
328
46
216
165
26
270
23
59
228
194
89
32
92
197
30
308
242
152
13
149
199
170
295
137
134
250
346
105
35
236
143
176
61
280
5
118
310
101
326
140
281
50
148
156
142
217
14
55
321
292
102
275
173
349
77
9
268
135
244
344
110
252
66
31
240
320
164
273
40
27
79
116
11
337
340
288
213
18
350
300
235
254
302
226
284
298
7
319
307
195
33
56
330
262
283
207
291
181
333
153
155
241
224
259
168
322
325
78
184
10
179
51
303
269
214
63
108
57
348
267
183
306
233
54
248
271
343
94
208
177
45
174
256
