67
275
229
283
183
246
248
52
35
63
227
145
42
280
118
109
56
150
310
27
159
6
284
262
31
142
302
176
274
290
296
34
126
306
292
314
245
8
332
199
256
48
273
102
18
315
148
174
250
243
29
69
57
64
195
53
129
338
59
228
81
224
322
190
289
96
32
222
95
272
270
54
2
16
286
188
76
297
85
318
171
173
155
11
104
132
194
252
156
46
94
208
288
45
271
22
189
24
278
125
60
152
138
340
163
133
255
200
160
233
172
345
93
140
90
66
240
298
49
295
316
74
348
221
37
119
7
220
334
330
13
83
30
166
55
169
185
198
112
299
347
165
162
40
139
186
265
167
285
197
209
187
82
335
130
325
15
211
234
41
281
136
264
301
47
89
65
62
135
73
346
344
122
244
196
70
253
308
120
193
1
178
300
154
106
87
71
230
247
14
134
321
342
328
124
269
117
337
127
61
157
311
97
212
116
261
317
26
78
202
279
326
123
225
267
329
107
223
201
100
147
25
214
114
210
141
84
115
303
309
219
282
179
254
68
19
50
75
333
349
320
36
249
91
99
4
108
103
177
268
86
206
294
312
164
105
88
146
324
237
43
304
242
98
277
28
10
231
293
144
23
257
180
0
79
128
17
217
327
110
213
276
323
239
77
170
319
218
111
33
203
215
21
226
204
72
5
137
58
39
191
181
113
258
305
238
307
331
313
51
235
236
38
216
182
121
