344
251
76
39
136
179
258
297
332
44
254
25
341
218
306
159
20
11
88
211
2
234
180
235
14
81
244
200
343
98
38
97
87
302
5
325
270
121
287
149
41
150
77
192
171
209
58
6
155
82
314
50
190
166
23
349
131
85
225
237
336
280
284
21
61
340
73
175
207
283
169
83
116
107
140
214
36
322
86
148
215
330
208
9
249
19
160
55
307
327
27
272
278
183
216
219
195
224
188
67
347
106
47
79
308
135
89
337
182
103
105
296
75
112
17
8
145
255
91
104
15
74
232
143
243
173
316
323
304
161
203
281
53
317
263
33
22
267
252
59
242
12
221
319
138
164
95
194
115
18
350
126
3
213
24
94
109
335
246
311
69
84
65
184
264
62
16
35
250
199
51
185
30
320
239
146
130
167
259
220
197
92
292
247
226
295
321
326
52
129
117
178
10
276
298
132
277
70
265
274
49
113
181
172
293
196
313
324
299
4
233
63
133
210
241
261
99
57
212
78
128
315
114
227
93
257
288
147
312
72
100
177
157
198
204
262
124
176
102
229
64
275
342
245
191
256
0
217
282
174
289
111
236
279
137
253
151
266
123
268
230
286
142
46
201
333
273
170
334
193
42
29
163
152
141
156
48
290
328
222
153
205
96
202
101
238
66
338
248
228
43
7
310
165
134
122
60
309
139
120
260
345
300
110
40
240
348
118
305
45
329
28
34
285
187
90
