94
164
25
234
162
83
237
18
186
312
321
263
320
143
305
122
314
24
325
219
159
338
220
292
302
51
112
179
211
308
197
178
79
92
265
23
271
89
244
60
98
150
118
102
286
144
246
55
7
262
99
304
226
41
42
311
297
171
133
45
93
337
65
196
13
123
161
9
340
190
111
268
96
270
165
248
346
240
141
50
341
189
180
217
106
177
0
46
229
290
206
85
2
247
184
12
342
125
242
172
269
11
316
303
170
188
255
187
332
350
153
294
127
258
77
82
213
114
103
1
260
39
315
205
168
243
43
31
209
169
47
345
331
49
121
285
250
139
166
185
66
17
81
40
147
14
160
334
67
306
214
183
152
37
129
95
124
148
339
319
140
101
158
86
208
236
267
241
163
134
259
198
138
61
136
330
115
52
295
232
252
283
300
254
266
288
84
275
348
323
227
175
57
249
310
76
80
97
181
215
28
29
35
225
155
59
349
272
256
324
228
203
151
145
298
32
239
238
69
276
30
301
3
329
274
317
318
146
313
108
201
21
200
344
204
71
327
223
16
117
307
251
167
36
149
291
157
335
119
88
182
53
44
210
128
5
107
273
120
27
68
19
284
135
4
131
289
8
91
58
156
126
63
87
74
218
78
104
257
105
15
195
75
261
282
110
202
231
199
26
20
109
100
216
56
328
212
293
176
278
224
277
296
207
299
309
6
191
38
142
222
33
154
322
279
280
