48
306
8
286
64
308
227
144
110
196
132
68
76
266
2
342
97
183
35
32
279
124
341
269
131
350
348
114
89
122
347
45
29
120
125
281
136
24
51
217
287
314
70
133
231
95
222
256
75
158
179
46
305
56
243
15
326
257
82
328
38
238
91
98
329
140
300
277
177
171
324
42
23
161
36
194
156
16
334
204
117
57
254
50
49
249
240
107
18
310
1
175
272
296
251
174
41
202
193
143
9
100
34
20
78
336
94
47
148
197
83
109
185
349
327
44
37
226
245
74
25
169
214
205
5
145
119
248
3
289
229
221
323
338
223
309
28
312
166
258
255
191
22
27
209
250
311
21
153
265
121
154
126
302
188
13
203
225
127
275
186
212
267
87
176
320
235
10
292
187
293
85
165
340
6
246
118
92
230
0
332
232
252
130
172
228
316
322
12
321
147
55
115
337
14
73
61
152
216
313
218
182
181
330
39
260
52
234
184
288
201
244
40
274
344
283
319
81
149
259
237
4
180
167
233
270
264
30
157
101
103
113
239
80
128
345
43
200
79
59
11
339
162
104
141
206
335
210
190
170
111
151
160
33
108
241
213
198
123
69
220
137
343
253
268
301
219
211
346
62
331
138
26
208
273
88
129
290
189
294
112
163
298
315
168
67
263
276
242
72
291
164
295
215
54
90
135
71
65
106
307
325
199
280
297
299
53
150
77
146
134
99
192
318
317
236
