328
197
10
175
217
329
250
19
262
271
31
147
188
131
110
93
117
126
255
100
252
199
153
222
202
192
50
163
67
109
26
311
12
142
198
201
86
55
286
210
342
320
233
331
292
0
169
111
307
65
251
269
193
172
58
74
120
46
133
176
41
274
15
224
44
158
136
151
145
61
146
57
289
314
216
69
60
173
182
279
238
211
214
154
345
171
228
106
37
84
248
23
350
203
294
137
221
319
287
308
51
305
194
184
72
35
326
27
21
318
132
297
156
79
170
273
138
236
114
280
223
4
264
56
348
89
83
18
241
259
139
77
30
235
134
196
143
85
284
152
265
125
32
309
215
341
39
247
339
59
123
218
315
291
13
285
28
195
124
168
167
323
213
347
17
16
243
333
99
141
246
179
66
270
162
346
7
102
231
68
144
165
208
303
302
232
242
160
253
149
73
14
49
36
337
220
322
107
267
205
227
1
75
129
206
239
127
349
80
95
122
272
245
258
150
130
104
189
87
76
219
40
98
11
97
304
9
180
200
5
103
92
299
278
191
2
298
316
90
113
148
313
71
34
190
47
121
62
310
226
240
237
166
115
6
108
344
283
82
282
181
317
295
276
187
306
234
343
312
135
63
277
332
254
78
81
266
268
105
54
336
33
96
340
140
53
161
330
325
52
185
321
335
64
112
281
229
155
300
128
22
20
174
24
94
101
116
261
225
25
159
334
324
42
177
91
