217
53
42
341
207
11
324
165
191
183
322
15
189
103
293
84
227
98
332
203
194
81
73
30
110
106
27
93
101
141
336
39
44
340
67
38
196
113
10
64
285
233
335
138
347
258
135
216
277
142
124
179
144
230
150
202
327
185
34
275
246
40
186
159
212
294
195
97
235
260
83
86
137
325
229
296
252
166
174
306
198
17
1
267
88
112
276
180
218
167
247
200
12
254
255
92
278
308
145
161
3
77
313
214
312
68
348
61
153
46
288
222
326
199
47
181
43
298
169
310
37
261
270
343
75
118
281
243
105
6
241
259
319
28
76
156
182
119
14
79
33
8
104
250
158
245
143
7
210
140
100
221
125
211
234
318
273
5
131
175
128
314
160
70
96
111
18
57
29
316
129
236
89
95
307
147
149
116
284
291
133
192
107
132
268
90
32
48
69
317
152
55
82
219
136
280
299
13
251
274
45
123
36
239
237
303
178
87
108
264
232
346
184
94
334
78
163
168
244
240
162
215
300
204
71
23
74
329
238
164
257
31
170
338
339
139
122
91
193
266
59
56
286
126
65
220
197
301
256
271
62
9
16
41
114
85
121
177
50
151
201
242
262
134
4
205
154
20
117
80
224
213
297
330
115
35
289
265
309
127
304
22
253
333
19
25
109
272
225
283
188
171
99
344
102
157
263
209
349
328
290
248
155
187
148
231
279
311
66
287
331
208
223
24
60
51
