332
273
44
344
184
304
20
162
182
177
270
311
211
153
115
13
200
30
253
43
105
204
38
287
173
316
330
212
213
336
299
286
247
134
264
223
33
319
99
198
176
246
236
106
339
268
137
42
230
238
326
277
142
333
131
135
322
144
154
164
15
260
10
297
193
88
126
226
233
121
281
152
252
248
1
97
267
79
35
245
207
315
86
168
201
139
130
36
265
232
180
75
125
302
158
81
107
0
120
27
295
334
149
165
284
84
251
7
63
327
129
269
127
325
80
348
48
219
259
12
216
288
77
117
229
175
199
141
313
17
71
112
331
133
346
9
275
69
349
194
343
28
341
306
60
23
292
296
178
52
24
161
19
103
179
140
262
18
250
108
146
155
11
157
40
163
255
217
37
303
171
31
323
111
209
57
22
191
53
5
263
110
261
34
51
283
266
290
92
274
243
214
128
285
174
59
345
47
205
272
347
132
188
50
136
26
183
67
237
123
202
85
329
73
234
83
218
185
225
210
190
289
21
312
148
113
324
14
29
301
310
196
172
116
151
338
169
228
242
54
239
78
258
293
87
307
317
32
278
231
2
197
222
221
166
104
156
56
271
321
74
109
318
46
282
220
227
298
305
82
224
300
181
45
145
118
335
203
41
314
55
244
101
328
309
256
4
215
240
254
170
342
206
95
257
138
308
96
337
66
16
114
72
294
280
186
320
58
3
89
276
122
279
6
94
93
