75
237
350
152
312
104
198
125
281
140
45
311
130
60
283
145
106
90
184
35
153
222
293
197
168
4
170
114
150
123
47
253
230
96
117
77
105
63
318
304
193
185
292
116
15
102
227
74
280
149
300
179
121
316
305
273
274
62
262
49
327
252
17
169
345
231
286
79
272
56
166
95
268
279
72
124
297
241
331
271
101
332
108
187
180
323
113
308
191
265
263
289
39
210
302
27
287
186
115
133
319
38
338
315
269
2
183
157
270
203
59
151
235
239
159
206
164
22
94
37
71
80
320
3
155
156
54
336
64
195
296
258
224
55
32
267
34
162
85
284
213
167
288
255
165
51
335
220
285
201
303
339
248
340
174
5
81
110
118
53
202
57
218
325
219
175
127
68
7
128
122
346
163
225
249
177
342
36
82
161
343
18
251
50
306
322
172
8
260
190
40
317
194
277
223
66
314
88
226
41
100
137
29
294
9
98
107
229
212
217
83
112
89
19
48
330
44
264
221
188
246
160
344
76
67
276
119
182
207
278
21
295
238
196
326
282
321
142
52
33
0
254
211
234
138
31
173
310
228
69
250
233
147
131
232
334
6
11
10
301
126
257
93
178
24
154
92
30
65
261
299
91
70
14
247
13
313
324
341
129
58
143
86
28
103
1
181
329
43
290
144
348
245
309
111
26
87
135
61
136
244
236
199
216
256
148
275
78
291
20
298
132
99
120
46
25
