285
319
53
16
55
50
2
41
318
62
164
337
330
331
146
277
9
36
0
29
310
35
208
92
12
346
198
5
10
341
282
271
322
335
338
296
27
279
178
168
274
347
200
291
220
340
120
237
128
24
189
283
227
239
4
193
216
59
313
196
224
7
75
183
136
266
295
96
106
275
253
87
221
280
174
42
151
84
314
67
152
241
256
172
25
276
79
350
223
3
214
217
312
134
243
65
222
89
265
83
130
300
267
73
154
286
82
142
90
14
57
258
22
278
32
60
37
302
95
88
109
205
287
228
293
240
8
74
166
349
117
13
113
58
298
273
281
46
209
162
339
210
345
309
315
235
44
307
244
21
61
344
86
38
184
127
155
161
115
48
249
176
101
343
316
180
229
173
203
252
272
107
77
139
148
158
308
94
121
202
131
54
102
226
119
105
98
111
71
236
81
163
179
124
103
321
305
169
70
64
11
147
39
192
34
289
264
246
177
141
299
91
143
207
122
167
348
218
51
137
116
129
188
257
19
140
126
18
317
306
187
125
201
328
110
63
292
259
329
72
104
301
78
191
197
242
66
52
138
150
97
238
334
133
144
160
186
185
153
85
233
288
108
303
234
118
250
31
297
26
270
49
268
170
100
69
255
254
320
325
15
132
112
284
333
175
230
123
165
199
290
294
17
181
23
45
215
43
262
182
261
171
323
342
135
6
76
324
20
311
248
194
47
225
204
263
