282
268
244
335
272
326
247
337
309
97
171
336
346
275
284
297
23
111
144
258
231
47
77
186
300
138
256
264
156
187
117
57
147
192
208
2
48
235
127
299
327
55
312
206
319
72
158
204
54
185
137
218
45
203
90
234
325
108
184
36
202
328
241
31
164
102
70
197
334
250
226
194
324
89
225
345
265
123
1
87
213
33
270
229
75
331
200
67
243
61
330
148
105
285
177
315
16
236
260
132
311
212
161
183
286
314
19
316
120
333
216
281
37
26
79
128
106
134
181
237
227
95
27
195
152
32
211
136
110
224
43
189
263
196
191
242
60
193
207
173
215
81
313
109
267
141
126
114
306
41
98
199
344
4
10
142
51
269
169
94
307
277
240
46
295
341
293
82
104
112
322
279
290
261
175
178
168
232
248
42
166
190
74
340
9
69
139
133
122
220
343
91
347
85
329
296
271
273
287
246
53
11
145
302
162
129
86
294
223
155
107
116
65
251
118
188
56
167
308
209
257
96
124
103
8
154
239
52
7
205
301
12
278
3
71
149
320
50
151
288
13
182
348
125
17
291
59
253
63
321
249
25
159
180
292
93
222
84
28
318
172
252
259
338
6
140
165
198
88
49
349
342
22
210
83
76
280
21
245
176
0
24
262
276
219
115
254
201
30
350
18
238
20
153
146
305
274
121
66
304
15
113
130
39
143
230
35
80
73
101
44
68
228
298
310
332
