162
16
202
156
332
274
262
126
230
338
68
50
72
255
124
233
23
64
30
134
146
322
242
115
307
138
33
248
234
75
46
198
109
280
315
88
81
48
114
163
181
79
243
154
111
205
269
100
268
77
45
102
263
287
252
273
71
204
271
336
59
108
299
218
171
80
258
37
316
187
312
284
40
18
168
96
141
158
342
190
66
209
58
89
82
24
152
282
78
15
275
250
221
326
118
84
207
346
174
303
104
10
279
128
86
44
228
345
334
325
99
267
56
92
235
249
117
222
295
57
305
285
318
239
196
172
276
166
123
236
341
292
47
291
63
212
311
164
313
214
26
232
27
229
210
290
55
215
14
294
76
194
28
173
309
320
343
283
301
93
264
145
103
129
247
182
167
223
265
19
277
21
169
7
155
317
349
142
51
289
197
136
170
22
350
85
186
1
337
106
211
139
319
331
304
259
6
208
121
321
177
241
130
39
272
180
98
302
20
151
34
149
25
9
53
67
261
219
132
119
113
286
90
240
148
296
35
144
52
314
288
8
17
270
161
5
201
344
257
4
38
347
237
69
227
43
101
137
150
213
32
298
160
327
189
244
12
165
281
159
42
328
13
112
200
300
3
184
260
323
74
254
217
348
65
0
220
245
330
36
125
175
120
253
61
107
140
31
308
110
178
11
135
335
116
329
193
195
185
251
73
147
49
83
131
192
339
306
143
203
94
256
293
231
157
127
