28
175
137
110
222
11
310
312
190
283
290
104
155
202
26
5
10
284
329
297
343
321
89
112
114
93
213
50
326
7
65
45
116
145
217
41
240
52
273
255
269
315
74
254
214
331
234
282
205
262
335
19
304
270
211
84
55
2
99
141
237
219
94
1
253
281
267
265
210
56
132
189
80
309
20
272
127
136
305
298
130
184
327
146
149
46
245
178
246
260
139
68
31
33
307
118
63
227
133
57
88
105
106
100
126
3
125
36
150
101
183
243
188
232
248
280
134
35
86
153
66
107
235
301
6
259
156
322
17
221
117
350
143
16
44
164
193
23
179
111
37
302
313
90
144
199
334
27
12
174
204
324
238
115
91
85
51
333
9
311
285
345
266
216
48
192
225
29
4
159
300
332
236
212
40
185
182
339
247
70
82
206
187
325
61
278
229
228
288
121
96
207
166
30
220
32
197
200
226
64
81
151
303
275
319
201
224
252
77
54
295
218
39
292
251
165
230
157
138
62
286
274
289
191
316
244
249
291
317
215
338
330
161
109
22
223
24
347
75
140
299
209
49
268
163
148
69
53
98
103
239
97
122
113
340
147
231
60
344
318
71
296
14
73
92
337
348
203
38
349
13
250
208
320
342
314
196
169
170
67
78
162
42
34
195
79
142
308
258
8
59
87
233
256
198
279
47
293
58
186
72
76
95
123
43
264
83
21
131
124
180
135
154
120
108
241
