15
166
23
128
287
206
122
253
145
41
27
136
172
10
53
68
229
107
119
45
240
242
305
333
73
211
282
178
106
109
37
95
8
43
110
250
214
32
228
160
230
13
137
303
259
118
111
105
344
102
316
189
161
59
74
132
238
99
38
265
227
183
56
209
91
343
293
243
255
66
192
88
310
327
97
0
65
85
30
339
177
31
39
217
233
208
283
170
280
76
325
306
266
147
297
48
100
341
69
11
262
6
350
185
223
218
29
75
326
149
256
104
173
42
290
70
332
191
198
77
176
204
51
275
337
163
121
90
216
127
86
16
155
274
215
330
225
50
261
20
92
219
143
158
33
247
324
241
269
190
251
289
270
89
130
78
171
117
139
18
60
40
49
268
263
278
153
302
71
7
101
220
288
114
342
138
308
113
338
328
72
257
304
120
180
19
201
156
277
213
309
314
323
157
298
195
331
205
167
58
281
169
317
168
272
55
276
300
226
79
248
252
112
80
116
131
64
311
159
146
258
141
142
212
63
34
295
334
181
28
267
286
249
3
54
207
2
199
21
194
245
239
294
319
264
129
83
134
4
336
5
25
346
179
151
184
222
196
148
26
123
285
260
103
81
193
329
347
312
210
182
36
345
299
67
279
174
321
133
349
202
96
322
296
221
164
307
244
237
140
125
188
154
320
24
57
9
187
318
35
1
126
236
108
271
14
254
22
150
313
93
152
232
224
175
186
