2
4
13
296
93
78
5
339
103
257
139
97
136
283
8
320
45
206
210
180
6
348
293
71
268
86
234
178
280
203
336
63
79
50
216
279
61
160
238
42
70
211
286
304
344
81
92
307
226
73
317
69
231
243
215
179
263
350
49
220
166
20
325
57
59
40
242
212
201
46
15
127
22
21
3
342
332
329
192
117
331
272
245
177
157
253
60
37
248
252
294
90
39
170
183
105
224
83
237
0
138
112
236
312
16
250
64
235
285
38
66
265
154
221
196
161
10
94
230
91
35
271
159
108
54
106
150
169
36
277
155
290
261
67
194
51
316
299
247
323
200
315
62
101
306
17
96
175
284
14
121
251
275
100
133
338
172
193
11
88
310
102
343
148
334
254
305
309
197
218
266
167
214
162
114
77
116
109
48
122
120
25
303
9
319
333
198
345
202
209
260
1
149
41
164
134
171
89
273
144
269
128
87
335
72
24
52
137
282
34
233
289
29
232
75
130
28
295
141
278
119
349
186
207
147
174
228
327
288
135
99
189
256
47
340
337
152
140
330
346
297
142
84
125
98
184
56
31
270
44
287
33
115
132
165
111
43
26
259
68
104
322
321
195
181
30
240
227
143
23
222
118
18
241
126
208
341
151
53
308
173
156
281
313
153
255
185
168
314
301
163
199
328
298
145
158
107
27
58
267
191
262
82
324
291
129
302
205
74
239
225
187
244
264
274
12
