40
14
112
241
95
6
158
310
115
237
331
11
124
153
13
240
302
43
233
244
247
86
304
217
188
303
110
67
146
205
75
92
202
133
180
231
258
340
102
189
55
349
74
273
318
219
235
176
137
278
62
320
48
80
323
162
334
46
314
207
96
172
155
159
111
173
283
289
257
30
346
108
181
69
94
45
345
77
64
197
329
286
284
296
57
32
100
113
275
18
130
41
295
256
3
338
131
201
70
154
319
281
271
322
292
267
315
34
227
264
324
307
56
204
127
167
151
136
183
191
309
223
26
23
190
333
161
225
263
301
265
135
88
28
17
49
63
52
144
53
186
236
160
250
245
327
344
254
128
125
91
232
97
170
7
37
268
312
147
9
123
325
61
280
171
174
341
33
148
142
228
129
316
288
106
149
230
119
206
337
0
122
234
269
277
140
10
117
50
347
306
196
339
246
242
313
335
182
71
209
238
98
120
251
187
193
243
66
78
177
39
332
212
287
211
260
150
272
305
54
104
321
20
317
259
85
262
298
134
31
194
200
89
16
90
121
139
65
214
203
109
229
114
25
290
300
36
145
308
336
47
93
179
221
291
5
81
328
285
132
29
79
166
299
84
199
76
44
348
118
184
116
253
38
330
342
208
270
1
261
21
58
249
143
266
343
99
282
68
164
51
350
163
107
8
2
27
279
141
87
175
22
293
105
82
60
210
224
168
126
216
59
185
15
274
311
