298
238
151
327
19
112
143
0
178
283
346
171
202
216
101
54
93
247
149
38
50
142
88
234
77
86
15
345
32
107
100
275
232
280
183
36
334
220
219
115
318
242
133
200
347
256
124
1
323
66
227
128
162
63
137
245
35
217
193
43
201
96
304
213
243
273
315
215
131
120
84
22
274
267
153
255
81
132
99
210
134
226
173
42
261
328
326
152
320
301
288
251
34
314
75
322
188
254
125
87
102
60
308
156
189
163
198
192
316
333
92
17
348
65
237
271
68
166
110
85
268
182
14
319
46
241
94
58
90
139
21
114
294
338
177
302
194
195
5
9
324
56
103
310
180
155
309
249
40
29
71
175
211
230
136
53
45
55
98
264
262
306
12
277
300
62
223
240
47
209
339
236
325
181
37
119
191
208
233
190
150
72
336
165
6
172
44
343
206
349
154
67
285
31
196
26
278
257
317
127
235
207
106
135
186
49
270
313
161
147
252
269
296
76
140
121
61
2
7
30
57
41
246
263
303
109
169
289
97
83
212
244
311
51
297
108
260
105
329
159
39
160
146
129
342
64
117
293
10
282
299
266
184
199
11
3
231
164
239
28
52
305
344
80
167
205
116
179
272
138
82
130
222
225
307
248
279
176
4
23
340
221
284
16
145
228
276
337
20
79
148
321
253
73
33
69
74
185
224
295
286
265
13
59
104
27
291
168
312
350
204
335
70
170
78
332
