12
16
314
190
7
151
193
5
17
170
157
148
99
93
33
214
172
309
144
260
87
150
221
82
145
258
287
215
335
80
296
135
3
178
298
165
223
219
63
183
136
273
312
327
131
29
237
239
90
81
32
330
124
50
126
24
220
280
181
68
78
102
152
42
209
134
286
54
161
337
226
79
269
133
206
44
243
208
30
227
283
143
160
76
334
156
282
350
125
62
139
308
247
329
4
112
138
218
186
101
189
65
164
212
306
174
0
200
341
169
155
60
349
301
46
15
233
198
228
238
92
71
326
277
21
59
199
94
91
52
28
299
61
235
53
291
96
19
25
342
123
9
254
179
252
73
114
274
154
207
300
323
332
253
100
270
120
98
173
224
163
8
132
108
67
225
130
346
321
177
57
47
229
294
116
265
129
272
117
339
184
242
343
322
202
203
289
222
162
2
255
40
240
245
115
317
324
106
20
182
336
191
310
320
14
48
36
210
311
297
86
246
153
303
248
268
304
244
140
11
49
197
69
13
204
325
333
256
10
276
128
307
232
83
315
88
180
347
158
77
292
236
26
56
187
55
192
70
159
195
147
39
34
122
205
37
72
95
266
331
338
85
251
51
196
185
166
278
89
105
293
217
249
43
127
113
263
149
176
290
281
340
284
27
211
175
302
41
241
231
22
74
271
6
316
104
261
66
110
118
194
38
264
250
141
109
121
171
213
64
45
18
262
107
75
319
