328
47
183
120
8
324
60
325
106
185
275
118
9
322
213
158
178
89
62
204
13
155
252
29
78
68
280
161
197
259
165
4
296
227
196
313
229
139
233
103
318
177
99
209
288
64
151
301
343
142
231
111
147
11
35
285
279
104
150
263
335
253
114
167
234
349
98
255
331
65
109
274
70
80
102
81
50
237
217
283
127
34
141
257
3
202
305
261
87
282
268
52
97
164
75
17
210
116
175
85
286
146
121
23
207
21
193
107
135
48
129
236
110
332
250
125
249
76
214
341
36
44
82
242
181
136
240
126
132
101
63
334
218
329
246
350
169
133
130
168
38
272
340
49
190
153
238
266
211
96
179
69
143
16
22
83
337
51
171
300
72
330
74
262
284
304
192
223
302
339
56
33
10
347
338
316
265
46
41
55
39
172
117
84
235
140
216
73
108
184
309
323
162
124
200
40
92
326
270
42
159
224
0
307
144
344
58
315
187
291
230
157
131
61
310
154
306
299
277
20
113
90
226
219
71
57
264
37
317
66
149
115
105
228
198
53
31
222
137
278
27
254
220
348
122
163
293
243
95
199
239
6
327
14
308
314
289
79
258
30
170
287
24
176
225
18
54
67
189
174
186
333
32
25
276
182
290
94
15
260
201
271
208
311
303
297
26
346
232
273
247
88
128
43
203
12
320
215
145
5
134
221
342
248
123
251
336
319
156
256
281
205
269
312
138
91
