335
218
77
8
208
88
200
110
341
99
73
13
108
119
288
182
4
277
295
71
279
301
326
274
333
27
219
294
49
166
132
307
345
276
195
165
220
263
243
211
240
256
22
281
111
299
57
79
112
296
126
142
228
62
179
259
141
183
173
212
269
270
330
245
65
174
106
59
197
344
40
267
184
47
310
150
158
12
45
325
25
253
285
347
172
198
226
202
216
328
175
336
143
125
24
214
339
315
83
154
291
178
161
272
261
7
207
249
17
72
163
157
225
156
30
109
312
14
340
229
210
318
204
121
304
350
15
191
257
319
139
46
23
33
188
105
292
254
189
100
144
305
89
278
92
75
239
293
58
311
61
203
180
147
113
90
55
342
94
231
246
244
53
170
300
329
264
10
206
82
260
44
51
271
138
176
160
217
321
186
306
32
337
314
324
164
235
205
233
146
16
316
116
227
54
302
320
190
289
37
297
241
95
69
194
11
103
145
284
39
137
84
338
343
196
85
287
76
35
43
286
268
177
107
193
187
6
266
115
80
87
280
349
124
159
81
230
140
247
322
130
97
223
117
308
19
273
36
242
236
41
334
248
255
323
135
348
222
136
262
168
70
50
309
331
101
224
93
313
192
104
346
42
98
237
327
91
171
18
78
149
185
3
221
283
26
282
232
181
118
199
123
66
303
60
2
67
74
28
131
0
86
134
252
332
64
122
31
152
20
201
234
250
102
128
169
