52
333
267
25
176
132
108
231
215
213
127
247
291
300
157
191
115
128
214
222
93
129
293
92
319
49
296
165
113
33
2
282
34
150
67
1
146
206
327
96
208
239
266
335
233
182
303
46
171
50
187
332
38
0
202
243
56
200
269
257
340
111
147
81
151
140
88
288
30
121
167
218
251
250
163
102
45
71
310
141
79
179
321
318
322
244
82
255
136
270
84
253
326
32
226
70
264
342
290
35
197
18
234
272
170
295
117
341
212
139
169
106
87
43
135
196
297
4
109
301
219
77
201
172
184
68
28
112
280
328
284
334
58
349
283
286
230
103
173
259
158
285
27
73
313
42
216
305
80
174
316
309
48
162
227
89
307
344
271
78
198
41
142
166
248
76
149
294
100
252
287
5
225
40
98
156
278
39
36
10
137
292
193
59
221
9
188
47
20
143
107
15
116
217
144
263
66
209
308
331
23
311
13
185
317
211
220
204
205
54
95
210
159
55
26
75
118
7
63
246
345
343
125
99
177
237
29
273
265
164
11
91
180
254
175
161
94
124
281
57
72
223
348
8
126
242
261
160
134
312
44
74
122
86
236
274
268
186
298
299
289
168
119
276
203
6
195
131
133
258
338
53
97
60
207
83
339
181
199
275
64
152
16
245
3
61
189
249
256
330
19
145
153
190
235
240
101
69
241
329
120
302
350
154
31
277
315
325
65
232
224
336
138
304
178
148
