107
232
342
122
303
322
251
196
273
40
197
289
69
255
26
290
283
339
285
45
82
84
261
128
70
72
346
262
234
264
47
151
172
330
286
113
284
292
248
323
214
252
236
200
278
268
0
99
213
32
77
257
59
295
177
38
153
217
195
61
185
44
46
80
68
121
3
223
317
224
164
90
137
63
314
201
37
263
108
51
228
100
105
315
318
102
245
345
30
48
55
18
16
227
12
282
304
277
81
142
129
320
35
119
294
291
95
343
36
194
39
249
65
324
53
87
116
75
29
254
15
98
226
258
86
178
180
274
302
321
205
56
67
220
150
335
348
309
10
141
229
246
101
192
146
135
27
313
266
88
143
230
316
239
341
307
281
133
19
4
127
43
17
287
198
96
21
134
187
154
147
233
184
173
124
222
34
256
219
182
253
206
276
20
183
161
8
79
162
145
140
241
186
193
344
7
311
97
11
24
73
149
104
188
23
221
297
350
218
216
163
25
117
337
109
242
272
238
115
325
306
159
305
125
22
110
166
298
120
114
169
155
28
296
158
2
152
131
260
247
174
58
31
181
225
112
92
179
203
243
209
244
275
328
327
250
338
319
62
14
265
103
94
93
123
132
288
333
211
148
326
240
171
301
74
130
190
91
57
170
13
50
71
212
9
215
329
189
308
331
191
42
202
271
300
312
349
207
167
156
235
165
168
336
6
83
126
41
60
160
5
199
76
66
231
33
