213
90
233
186
91
239
114
305
289
333
231
100
33
295
350
294
237
156
143
50
105
92
49
319
229
259
293
141
80
37
85
220
131
317
323
314
263
89
66
264
260
166
172
125
250
200
109
349
153
318
329
9
107
23
253
157
326
38
311
111
342
242
135
205
283
274
53
134
144
197
7
137
79
178
325
216
265
88
32
76
271
41
20
304
331
290
170
306
240
168
281
214
1
121
238
261
307
163
96
2
19
284
113
11
255
181
182
138
106
279
303
257
34
336
70
60
298
43
95
218
206
312
14
31
86
126
142
4
196
308
217
82
252
334
171
339
75
345
78
228
224
268
101
291
177
179
223
254
21
10
115
194
129
208
25
151
301
73
183
146
241
278
16
130
8
26
340
149
187
152
282
203
202
188
12
185
192
288
328
189
29
5
258
13
344
322
118
335
191
160
133
162
56
147
108
145
310
275
195
71
296
167
15
120
246
332
97
110
270
93
272
72
232
112
45
116
132
236
243
226
173
346
128
299
341
320
3
251
119
48
165
77
324
222
321
39
54
313
6
99
127
343
273
262
230
169
212
139
235
62
74
154
40
204
221
337
58
164
277
276
68
215
0
27
117
124
61
297
210
64
219
35
286
266
234
52
247
347
123
292
69
316
136
256
176
67
46
267
330
103
207
201
36
245
249
161
302
47
104
87
300
22
57
28
159
285
55
59
155
83
51
17
175
158
225
84
