135
176
82
240
187
72
143
279
4
216
68
65
314
103
114
258
347
259
102
128
96
121
319
229
74
221
322
31
28
156
183
157
332
276
148
173
338
197
256
257
124
16
260
21
81
14
129
209
194
244
341
147
337
264
35
33
333
42
253
271
10
145
330
46
234
171
202
0
273
350
84
295
164
242
286
307
120
67
61
137
115
217
233
20
237
99
232
118
335
119
235
95
55
203
48
100
243
200
219
117
250
267
49
130
339
40
34
191
210
327
140
349
238
275
294
170
152
66
56
261
316
134
298
299
51
163
251
214
39
47
24
345
312
304
247
91
107
266
281
123
149
92
80
150
300
179
311
290
116
246
177
154
205
206
239
195
53
97
272
218
287
323
6
213
268
109
86
94
158
25
161
236
169
93
223
226
215
78
125
285
344
184
153
138
185
113
144
70
224
111
282
222
167
87
54
106
280
41
110
284
58
159
98
132
196
334
289
90
211
13
329
43
83
37
165
204
101
38
212
262
64
17
71
122
192
278
208
44
274
126
336
254
321
255
139
26
23
27
342
313
320
22
318
166
252
230
308
146
198
188
277
79
73
88
331
249
283
57
60
19
180
310
12
105
181
29
220
248
302
59
228
301
328
190
315
75
207
293
151
325
63
292
36
127
89
340
7
265
155
288
1
141
326
32
263
62
201
178
348
9
108
5
172
136
186
45
2
85
309
162
245
8
305
15
291
296
