192
182
339
78
150
209
194
193
208
143
40
125
136
344
184
64
101
349
9
112
311
131
139
201
26
261
129
115
220
346
315
333
244
46
33
79
111
304
28
61
237
124
181
283
100
172
0
275
323
273
173
221
227
77
198
178
332
133
82
169
321
292
274
135
213
69
245
183
42
23
215
123
242
11
334
282
180
254
117
35
243
345
226
252
350
30
71
51
65
316
144
171
290
335
205
7
309
22
146
45
85
74
110
305
41
90
313
258
62
211
281
39
50
291
277
190
331
203
86
222
239
93
159
142
228
266
326
164
299
269
223
312
214
328
36
154
16
80
127
255
185
113
342
300
126
89
257
48
4
72
240
297
170
75
293
189
19
94
320
156
91
256
31
52
151
44
83
262
253
217
119
289
66
288
278
338
340
191
98
343
25
306
204
141
63
165
118
20
43
307
167
107
76
21
84
270
276
327
92
2
121
13
207
248
229
132
38
341
149
10
303
260
219
108
232
302
200
231
18
296
147
259
179
15
230
163
109
247
17
287
294
8
145
268
148
263
175
212
97
314
88
251
138
318
67
284
336
155
210
103
96
216
14
157
241
317
54
267
106
286
329
116
24
225
271
168
55
264
285
161
60
322
5
81
58
324
130
32
73
34
301
330
250
47
114
280
120
195
6
137
153
246
160
319
56
174
234
95
176
140
295
197
12
265
1
272
27
152
188
249
104
233
202
37
238
134
