189
111
169
44
83
55
166
139
69
335
47
279
274
172
8
204
223
120
233
315
125
73
36
48
53
243
81
290
23
56
190
59
289
216
212
306
229
252
20
205
65
181
175
60
331
113
19
336
293
280
214
346
320
117
246
87
154
323
202
271
208
152
337
57
257
149
141
127
185
35
256
196
193
316
41
16
24
281
72
239
0
114
178
74
317
344
66
187
104
75
340
108
167
101
194
84
266
161
85
254
13
1
273
25
226
247
92
132
182
126
143
50
148
61
330
263
134
137
349
268
276
297
241
244
89
64
151
68
76
218
321
118
265
94
34
173
159
129
26
14
119
82
224
314
258
107
17
300
199
248
115
45
240
163
93
11
88
70
79
147
43
324
309
15
285
121
49
31
251
213
342
201
207
22
109
116
180
238
95
242
313
329
269
325
255
62
211
51
184
261
135
91
71
291
345
106
188
277
90
215
183
29
341
221
262
301
311
338
123
63
339
160
138
308
198
103
326
146
295
294
165
288
80
318
312
54
195
3
278
9
174
171
299
77
179
27
264
334
105
327
333
304
249
197
40
298
245
219
230
5
310
253
176
122
38
307
210
286
259
162
67
124
39
4
33
21
99
235
236
322
144
287
296
347
12
186
131
155
260
303
153
275
200
209
78
86
42
133
348
10
250
145
140
305
192
220
158
343
136
30
270
157
231
272
7
302
222
102
52
156
350
164
97
150
128
177
