24
79
144
165
237
118
57
323
213
212
228
60
140
40
203
106
254
222
260
23
153
49
80
297
206
258
81
205
47
128
41
274
100
234
317
159
108
286
71
261
163
119
186
135
78
83
288
202
122
94
69
156
90
339
27
230
267
149
298
63
214
180
207
96
184
259
162
294
194
235
231
181
220
126
167
34
133
195
35
93
139
349
16
120
232
101
99
113
20
14
110
236
278
196
102
255
201
87
335
123
209
204
241
85
65
191
192
175
331
277
67
333
6
103
9
310
326
10
215
211
322
58
152
130
150
147
338
244
104
134
114
273
224
226
115
176
148
344
4
313
105
256
289
157
324
200
116
327
29
154
166
336
86
292
198
145
138
251
17
19
28
304
225
15
173
37
265
44
329
287
216
291
188
263
190
262
252
320
132
307
248
124
59
13
264
227
131
249
31
26
348
91
246
66
334
75
284
98
171
350
43
221
3
340
312
0
48
62
272
290
199
51
269
285
2
22
193
72
168
247
239
185
142
182
343
52
266
279
45
245
146
141
301
73
117
283
21
46
170
111
5
242
210
217
88
299
74
189
136
11
280
321
76
109
183
8
92
56
332
25
54
341
330
84
129
309
125
342
187
347
95
151
337
137
219
172
345
302
253
223
177
82
30
179
306
346
197
318
319
50
112
7
158
32
257
238
300
164
293
271
127
295
18
314
311
1
97
303
42
64
275
89
315
208
38
308
