263
282
34
210
25
276
335
190
280
272
261
180
71
41
319
150
70
194
155
162
332
86
255
57
129
22
118
181
268
13
316
104
53
37
283
177
19
326
217
91
160
93
286
3
146
227
112
138
349
198
306
101
114
296
214
265
176
343
328
84
271
152
168
48
228
130
43
169
11
134
60
80
201
203
0
248
123
193
300
32
311
209
113
36
225
122
102
173
292
4
108
161
172
132
226
61
188
259
158
252
233
18
331
246
20
111
165
140
159
5
125
42
196
320
99
103
308
88
289
10
100
323
30
124
109
64
16
44
288
14
94
59
110
224
38
304
28
236
65
258
76
242
208
204
348
341
74
253
92
312
178
167
342
291
192
115
157
171
184
327
96
314
75
207
17
337
1
333
145
127
191
334
257
77
229
39
231
179
69
302
324
116
55
120
83
63
51
186
339
200
284
220
182
212
240
245
133
170
322
260
211
81
67
298
142
350
346
293
56
267
325
79
187
40
119
223
175
297
107
54
235
299
139
329
278
128
153
12
222
66
305
309
73
338
143
270
52
49
183
321
185
87
206
218
274
250
144
254
163
301
264
47
237
98
244
26
285
106
347
15
131
251
23
136
215
135
330
31
72
266
340
29
95
195
287
313
238
232
97
290
281
147
256
21
58
294
46
239
137
45
27
7
126
295
317
33
85
307
9
90
50
277
262
199
345
148
318
105
78
174
336
35
156
234
2
6
