15
30
228
28
147
79
299
5
139
195
107
167
36
242
259
16
163
97
69
239
1
41
213
229
188
145
280
293
70
180
201
74
231
103
349
330
10
335
333
275
203
159
137
151
328
98
294
101
54
253
4
305
244
48
271
91
269
298
273
83
99
90
88
234
291
348
311
289
322
281
171
112
116
9
170
157
144
290
102
292
332
104
312
29
279
331
198
209
133
339
287
205
3
20
266
177
237
86
286
336
71
114
158
316
318
346
117
260
220
106
6
264
223
176
149
146
122
296
26
96
81
320
236
347
42
161
23
189
256
181
175
182
108
121
45
17
303
118
250
38
136
309
7
46
277
174
18
33
25
172
274
284
13
39
295
8
345
199
100
120
214
192
307
248
247
60
130
76
156
31
206
131
252
302
78
141
153
142
313
285
94
326
119
340
314
288
282
40
297
58
283
162
218
75
173
343
19
317
43
186
148
240
150
53
263
154
56
204
63
55
300
160
169
125
301
262
323
57
37
193
68
306
152
230
179
243
304
51
50
34
278
235
73
187
265
95
109
65
87
138
166
232
92
226
315
82
93
59
72
47
49
241
184
215
134
225
113
44
325
319
111
219
257
190
128
216
338
14
80
350
35
64
132
233
258
0
127
126
344
200
194
62
165
276
61
255
12
270
324
327
155
84
123
208
254
85
191
129
140
207
27
321
334
267
210
196
183
143
21
77
168
22
227
211
24
268
