23
298
315
204
314
331
101
318
222
140
261
109
41
30
79
22
172
87
262
214
249
59
106
193
235
64
333
149
252
346
339
345
201
32
293
170
256
197
292
347
90
316
280
176
234
205
141
99
317
17
183
192
295
161
49
206
54
194
113
26
150
95
151
215
102
233
128
132
286
236
338
69
145
232
335
178
242
209
289
159
250
328
156
321
4
187
40
92
93
212
94
45
137
263
119
248
273
85
245
12
179
244
189
227
177
195
276
230
10
238
97
182
274
144
217
66
341
44
307
323
21
259
68
16
130
111
157
287
312
139
196
175
70
240
198
185
158
260
110
291
65
58
180
299
305
37
304
100
11
169
43
20
221
343
27
112
218
166
0
342
231
200
125
57
143
285
309
124
296
84
186
208
131
239
325
226
129
7
247
162
272
267
282
50
103
251
211
288
46
269
241
9
213
33
264
78
348
74
104
322
279
116
340
25
275
62
19
258
136
82
127
36
51
224
98
80
31
34
237
6
1
271
306
302
171
152
3
53
202
336
294
174
52
108
310
181
327
18
38
134
67
210
164
48
133
329
337
35
13
330
334
138
223
29
228
281
203
8
2
118
265
303
168
219
216
254
308
147
283
184
76
120
284
28
268
319
123
146
42
190
350
199
77
86
173
142
270
220
320
277
91
122
56
257
225
266
243
229
117
255
5
60
349
107
160
88
311
253
126
81
332
154
278
14
115
39
