156
81
219
160
134
164
222
217
233
41
26
229
188
202
247
277
310
293
20
218
246
34
149
72
97
350
117
158
321
207
344
290
70
283
240
208
190
104
60
82
83
32
169
198
56
13
168
38
225
305
271
84
330
223
47
333
66
311
24
9
42
302
8
212
328
269
165
87
91
281
58
4
221
103
332
339
44
331
19
243
75
59
167
11
121
89
31
150
245
122
325
118
292
282
43
287
314
129
79
10
146
241
76
262
189
286
323
267
183
296
88
195
128
39
166
204
28
127
105
335
209
315
261
35
275
40
294
49
199
260
214
152
326
126
17
254
162
285
299
153
143
308
244
93
236
345
216
98
336
186
272
137
92
71
3
340
224
182
295
139
337
313
133
65
37
2
30
181
268
210
15
220
161
264
16
273
94
22
116
53
253
175
78
33
14
0
200
73
21
99
303
338
80
185
347
228
320
238
55
170
276
163
284
62
86
109
309
343
7
191
196
227
319
110
255
48
173
187
297
63
298
29
230
77
211
251
206
172
205
154
174
231
248
130
113
27
25
67
342
171
249
270
36
5
259
90
102
51
317
242
68
112
106
107
289
307
322
120
192
95
288
74
132
52
6
176
144
258
263
147
101
85
213
304
201
123
306
96
115
239
184
312
61
141
203
329
64
136
178
257
54
114
279
57
23
232
234
12
265
237
125
180
138
45
145
256
135
327
252
346
341
50
235
142
46
300
