53
36
266
116
330
270
158
82
55
132
161
232
264
261
260
230
299
162
251
89
103
239
198
341
182
118
172
227
106
272
275
35
156
216
281
4
297
2
336
283
349
76
39
202
13
169
245
73
189
238
256
168
29
157
143
105
21
44
152
201
192
176
3
255
46
111
292
45
140
214
269
144
98
335
339
154
7
278
259
295
199
346
107
165
31
88
32
68
313
205
23
250
14
12
69
8
309
220
61
337
117
183
173
288
129
112
219
302
71
110
235
319
167
120
49
102
318
305
87
64
287
268
163
190
136
236
9
75
203
331
66
340
208
179
86
263
5
114
308
222
334
147
166
196
333
83
142
137
57
48
234
233
300
211
41
67
63
160
6
54
345
130
310
231
65
325
350
104
315
175
317
135
221
124
206
257
90
80
0
121
139
100
10
229
209
56
298
134
228
217
43
181
332
77
186
85
218
323
306
127
59
28
178
252
342
212
213
95
249
1
273
34
294
25
284
314
52
347
247
316
177
225
322
188
293
244
26
307
271
243
282
99
226
185
123
344
265
155
170
62
159
79
207
141
254
126
164
321
150
237
122
290
277
24
291
16
27
301
258
153
276
327
274
191
33
145
74
210
84
109
108
131
91
267
286
11
240
78
223
18
70
304
97
280
180
60
138
93
197
311
343
338
94
242
58
328
47
204
241
42
171
253
22
20
72
38
146
128
246
92
81
289
193
125
174
15
