252
213
345
66
43
203
282
135
39
154
18
207
9
189
49
277
201
151
27
209
23
132
238
101
72
296
62
243
343
312
48
102
288
85
6
224
218
109
185
347
319
96
104
127
10
324
297
222
106
279
321
3
271
198
15
1
67
267
260
270
179
52
251
193
93
242
64
157
116
262
40
113
8
45
150
36
32
130
118
204
68
293
284
146
138
236
332
148
145
149
90
190
140
211
115
103
314
174
317
70
7
33
71
309
192
259
88
250
264
202
274
184
84
336
30
196
341
331
108
161
255
91
46
313
16
338
348
344
257
310
311
280
342
97
237
339
122
306
349
246
212
269
159
263
346
253
121
256
186
79
160
191
241
232
294
180
87
0
340
275
226
219
234
195
227
175
73
229
320
95
177
215
24
261
143
114
172
105
328
76
142
206
158
117
98
156
322
128
51
65
126
63
141
231
35
147
107
26
133
58
12
188
139
100
298
335
216
225
168
329
281
323
164
278
258
350
337
318
54
276
22
299
178
69
165
254
228
316
205
249
230
41
166
272
233
25
326
308
285
169
42
29
136
11
181
153
19
2
57
47
129
59
99
137
300
290
123
287
34
81
325
245
44
56
111
330
74
248
194
265
307
134
295
131
77
80
89
283
187
302
301
31
112
75
173
220
61
286
266
86
303
333
292
94
171
155
315
197
38
60
183
221
239
247
210
4
244
124
304
50
182
223
289
305
167
268
