303
169
142
162
130
321
144
307
108
132
125
301
81
233
113
245
220
188
191
298
324
151
73
38
327
224
223
136
337
295
229
248
310
199
7
283
96
137
20
170
150
296
262
99
105
272
39
34
70
315
67
158
139
182
49
172
59
89
254
112
154
194
293
204
275
342
126
294
146
91
277
68
62
268
63
60
274
287
273
1
0
85
147
225
64
27
65
237
240
56
264
331
282
210
127
15
80
349
32
101
174
164
66
145
284
13
31
23
222
314
243
44
208
339
226
270
28
166
280
6
285
232
253
230
209
72
281
197
308
26
134
216
148
11
276
217
78
320
302
250
247
206
14
201
183
86
53
55
41
18
325
103
251
305
50
36
22
297
161
92
156
205
140
180
10
129
165
258
116
71
231
74
178
102
212
90
121
33
48
271
29
124
255
278
317
196
198
252
30
163
133
338
300
304
171
235
173
54
350
93
242
57
184
115
334
160
12
348
195
329
335
269
261
94
8
193
344
265
119
228
219
241
106
246
84
42
202
61
157
221
110
299
109
58
239
312
122
192
238
111
82
185
152
43
322
153
347
332
186
128
200
189
19
266
340
288
279
292
35
51
328
100
9
234
341
149
47
167
260
104
2
345
24
155
203
323
181
311
256
76
306
97
330
17
123
143
259
25
98
5
257
118
249
236
83
87
343
138
69
190
45
214
40
244
336
333
176
135
37
177
211
107
263
175
318
141
