40
308
150
287
186
202
33
294
153
116
53
175
98
49
142
314
64
8
328
332
227
140
134
122
106
15
47
209
217
101
160
179
196
306
304
283
156
71
65
20
253
25
215
199
88
259
334
121
338
86
124
16
69
315
73
348
296
7
182
80
94
128
5
289
66
194
54
81
184
292
170
254
187
318
301
57
147
272
174
100
299
275
249
339
195
269
216
58
341
210
135
274
180
56
23
237
112
278
173
321
219
193
172
119
273
214
231
149
12
232
36
331
236
107
312
267
10
285
264
72
177
310
14
82
166
99
188
319
317
37
201
211
67
243
91
31
83
125
213
333
13
247
221
158
303
220
38
9
316
337
163
46
222
288
204
93
320
43
241
263
145
87
151
35
17
132
127
190
76
155
335
136
284
238
346
286
32
157
344
133
197
270
29
113
305
307
108
103
62
164
189
345
70
176
343
246
63
11
266
52
218
256
45
26
191
6
129
300
169
42
325
185
68
137
143
165
293
297
350
200
229
255
55
110
111
235
95
0
18
59
114
4
144
251
115
154
324
75
281
205
159
41
148
19
171
117
206
323
104
161
207
89
120
349
22
168
329
74
295
77
234
242
291
130
24
228
90
162
252
280
97
302
85
279
326
248
78
282
105
139
257
239
233
28
330
3
1
178
340
309
203
277
244
92
50
347
327
240
198
342
262
265
245
250
126
183
208
225
146
27
298
21
141
44
60
311
