225
85
285
198
136
132
170
299
152
235
309
219
100
59
244
214
121
301
151
33
201
83
101
203
281
61
237
189
97
35
123
46
322
160
345
269
28
268
103
262
266
329
0
240
29
297
213
342
36
248
317
259
16
177
263
135
280
154
86
63
211
3
293
10
44
18
270
62
200
279
184
206
267
48
6
180
217
52
346
347
292
113
104
150
142
122
335
230
119
315
220
74
82
194
215
124
156
294
226
130
27
287
30
236
257
245
32
171
138
333
284
303
332
13
187
1
246
185
320
140
148
128
2
212
26
308
305
349
334
60
17
256
94
173
155
276
22
312
172
319
197
169
336
38
71
14
251
64
161
158
252
231
304
50
19
192
318
265
164
131
218
313
209
88
145
126
114
127
178
163
227
66
242
300
258
188
222
139
42
39
45
306
106
290
49
8
216
37
324
337
183
40
25
196
105
289
65
5
296
208
274
110
338
89
21
118
87
314
316
232
249
348
286
191
310
224
125
31
117
54
261
321
331
223
341
76
96
307
311
24
288
153
146
92
190
254
53
325
112
207
181
120
43
328
229
15
271
4
91
69
233
323
238
141
51
9
58
210
79
98
20
278
144
221
143
11
234
67
134
199
72
277
147
273
23
70
275
133
241
344
295
239
41
129
102
115
250
264
57
47
253
179
283
149
202
157
167
68
327
205
272
111
186
330
298
168
182
340
34
77
326
7
116
195
55
175
