112
47
325
236
213
305
262
221
108
207
118
310
172
71
141
55
25
132
280
7
102
266
181
15
254
286
333
133
91
342
67
122
56
180
287
309
316
152
233
140
44
230
293
43
203
110
307
326
94
138
345
28
223
349
40
13
130
336
198
169
244
85
190
80
62
179
249
16
142
243
127
150
119
73
257
86
259
136
22
189
227
23
53
267
134
276
206
320
270
273
50
184
166
98
163
260
285
171
31
59
197
46
232
83
165
279
29
335
282
115
164
33
324
187
225
201
77
158
295
64
135
347
65
291
341
226
312
66
170
220
303
350
92
211
250
120
21
297
209
38
252
327
69
329
100
210
51
177
27
248
219
11
5
255
322
54
126
34
8
240
90
301
175
264
111
343
237
263
338
125
168
317
137
246
68
245
222
104
284
88
82
41
45
337
199
196
58
107
192
19
109
235
87
123
70
26
147
146
271
96
261
57
188
148
344
214
208
315
159
30
304
278
247
268
6
151
20
149
334
238
128
74
204
275
145
256
224
2
106
101
289
298
103
105
129
63
99
290
39
229
186
328
155
81
241
185
18
292
121
79
319
1
272
124
281
306
72
182
17
212
9
117
323
348
167
258
173
251
265
217
4
78
113
49
308
191
288
97
194
162
274
116
269
32
176
153
183
300
48
215
234
302
161
76
178
318
143
277
314
95
14
37
160
61
339
114
231
12
330
228
299
202
313
311
0
205
