84
199
102
150
106
161
332
255
170
48
119
340
141
174
171
343
7
230
260
135
309
242
152
341
189
81
349
57
52
127
188
258
154
82
288
164
13
339
126
331
274
147
296
293
25
311
45
179
256
93
247
146
225
76
227
51
209
61
160
116
94
17
75
228
327
206
198
295
63
95
129
71
162
214
307
23
319
303
124
157
271
121
236
278
226
310
182
1
54
328
28
62
3
21
205
37
279
56
330
163
221
22
96
248
204
322
92
193
200
233
136
77
201
12
98
196
79
314
217
173
191
168
46
99
195
148
347
89
110
24
186
263
105
181
6
55
49
282
203
0
58
138
145
190
212
276
108
65
216
211
213
68
237
155
243
123
69
323
306
300
97
140
302
315
262
19
316
33
257
240
273
30
222
165
338
294
142
91
305
304
208
29
297
287
187
18
103
112
43
66
4
286
238
266
149
259
120
36
202
329
275
320
158
38
229
26
324
109
137
184
16
292
345
107
301
270
156
291
219
117
281
249
267
224
32
178
299
284
289
241
14
39
169
31
344
335
223
101
73
64
334
2
272
185
333
180
172
283
125
254
218
104
261
321
317
350
34
133
27
15
269
44
207
264
41
285
342
232
85
114
234
308
80
167
220
298
50
67
326
231
265
144
268
245
35
312
252
59
5
47
74
83
166
244
253
60
246
90
53
318
239
11
143
250
151
8
128
132
130
70
134
100
235
313
194
337
