148
152
350
26
256
254
134
305
66
320
7
197
327
73
160
11
81
293
270
34
33
193
326
123
169
243
242
79
146
188
3
330
114
183
328
273
68
107
347
195
301
284
222
237
93
308
36
104
294
316
132
235
276
103
2
95
240
278
78
312
266
161
244
121
210
135
204
61
170
323
14
54
145
209
318
82
124
65
168
340
288
89
277
229
156
176
253
300
53
157
246
272
92
27
198
317
291
96
30
20
24
181
214
142
234
44
292
98
216
296
228
52
144
311
167
304
223
187
15
31
41
122
67
230
258
324
255
64
325
182
166
153
172
245
238
90
322
164
175
239
177
275
251
12
49
46
190
118
29
236
342
87
329
343
75
88
349
147
42
128
35
261
17
10
199
334
231
211
56
262
206
200
119
113
348
265
130
129
267
201
217
313
332
28
280
80
5
263
6
8
212
0
247
99
77
233
344
13
224
137
252
22
178
189
115
232
116
163
127
18
86
57
310
62
319
112
271
180
341
37
279
25
83
158
43
173
162
203
282
314
287
21
126
307
268
174
221
141
100
192
47
306
205
290
9
185
337
97
102
226
59
48
283
63
85
335
140
281
218
38
295
84
220
302
69
139
101
110
250
39
207
338
215
131
51
298
171
72
23
149
345
109
151
269
105
125
133
76
19
117
196
336
191
303
257
1
165
143
159
71
249
108
179
241
331
91
45
194
321
208
120
260
309
333
32
58
