330
290
265
21
11
319
142
165
44
285
175
209
41
154
7
59
26
97
249
183
322
96
207
239
163
297
155
151
335
84
303
152
214
135
145
66
301
25
31
234
350
18
324
221
111
81
332
99
294
72
22
171
235
80
29
2
177
317
204
61
201
314
60
299
184
218
202
20
32
50
9
51
90
43
48
255
150
275
340
337
139
104
73
130
125
312
199
283
296
83
264
74
123
0
216
343
226
252
178
345
274
147
272
315
308
58
349
13
334
116
320
227
153
169
188
53
124
341
259
86
205
107
181
3
212
200
136
103
132
33
193
114
119
46
289
115
19
237
327
287
187
311
179
39
189
118
28
126
236
54
85
141
195
170
70
158
321
326
292
241
36
230
225
127
56
211
95
106
10
229
277
232
257
52
329
307
109
231
62
173
248
222
293
219
220
49
138
8
143
185
17
273
38
15
180
242
336
210
194
276
280
42
247
149
263
67
271
156
279
102
270
69
302
318
256
208
40
160
291
100
238
47
63
217
304
159
129
331
23
316
223
310
57
172
267
309
295
342
224
260
98
182
328
4
323
92
68
254
339
77
37
71
196
128
65
176
240
333
112
101
338
157
133
148
288
14
1
27
191
203
344
269
64
348
108
246
162
284
190
120
192
325
79
313
82
258
76
251
131
250
55
206
347
122
168
93
78
261
228
161
16
300
30
198
244
5
121
113
253
75
144
174
134
268
24
140
