12
81
243
244
53
18
148
183
174
0
285
217
79
163
68
69
300
6
125
8
306
193
233
36
256
21
232
123
136
235
280
106
221
228
252
342
213
254
70
226
61
86
315
63
93
223
160
249
30
149
216
301
158
185
191
143
308
194
220
210
167
284
111
334
341
141
131
200
320
133
114
177
311
127
90
206
286
17
46
199
270
295
326
96
48
54
5
134
263
336
313
80
9
49
55
321
261
201
62
288
113
345
298
337
283
74
101
239
169
146
190
92
332
234
291
265
85
204
212
229
118
267
3
237
208
140
330
34
37
137
99
16
11
67
227
171
24
184
325
164
242
203
198
192
323
161
277
319
343
73
273
75
294
331
327
350
269
324
52
224
179
65
77
25
135
22
290
214
236
279
335
251
87
88
282
281
84
162
209
170
293
45
120
274
23
275
188
47
329
253
40
20
91
35
147
346
107
19
26
60
166
105
309
182
305
94
42
43
338
316
248
219
122
333
349
240
278
112
89
178
247
257
124
207
159
272
205
172
181
289
317
230
211
287
10
186
264
95
157
344
126
44
340
262
82
271
231
31
14
116
119
117
108
78
139
176
50
144
128
104
197
348
98
168
245
13
304
138
142
347
297
32
225
56
102
258
255
39
7
241
110
58
266
76
100
145
328
27
64
2
195
83
312
302
292
314
296
152
202
218
1
310
51
132
175
156
71
322
33
196
238
260
215
339
103
259
