248
179
235
77
254
113
317
196
150
266
154
9
178
24
313
105
102
124
50
168
103
192
332
230
345
236
18
225
244
80
316
126
20
47
307
306
71
67
268
267
249
118
66
131
280
123
342
205
227
294
265
97
40
274
325
155
175
228
135
251
141
328
346
161
76
59
324
215
189
188
246
21
255
157
142
183
220
277
151
106
112
10
338
347
206
13
162
136
96
70
250
340
15
28
45
238
14
92
335
304
42
27
223
52
204
295
210
314
48
217
82
315
344
310
60
339
62
200
195
233
241
247
2
239
138
270
287
214
88
140
115
114
156
185
271
1
303
110
117
32
57
182
290
343
193
104
54
64
282
240
38
318
120
65
329
348
243
262
144
152
121
283
153
258
212
218
288
26
4
296
17
163
12
319
174
43
61
68
85
107
69
341
81
297
202
172
49
322
281
222
219
159
128
149
311
263
177
176
30
350
137
16
285
55
257
98
145
331
23
147
308
187
320
94
327
190
333
133
292
305
171
44
273
170
87
0
8
100
6
39
166
41
226
127
79
224
191
101
84
203
180
211
237
19
78
275
34
286
216
90
181
165
323
299
279
309
122
167
256
31
298
199
264
37
336
213
231
326
148
134
53
291
11
146
116
300
132
276
312
46
35
229
261
63
7
208
33
129
201
337
22
119
242
184
284
278
139
260
36
207
25
56
253
234
108
93
75
143
83
58
302
51
209
334
232
86
