173
236
125
223
350
241
65
124
36
295
75
316
287
95
116
264
320
340
165
41
53
243
332
278
69
16
120
265
221
289
137
304
251
283
152
155
217
314
302
26
108
233
326
183
61
37
0
20
323
117
151
203
29
234
156
270
18
321
200
48
142
106
14
55
275
47
73
229
67
185
290
249
123
226
60
252
216
179
301
232
87
145
159
279
246
82
331
169
104
333
178
308
199
31
205
273
118
347
329
8
343
168
90
83
110
282
136
202
194
132
99
96
174
254
274
112
337
131
134
80
187
70
147
109
298
35
286
58
23
341
330
180
139
72
319
3
102
138
291
50
204
335
342
260
218
46
100
230
212
28
324
247
305
56
222
40
88
25
311
259
238
38
225
195
303
77
190
161
345
248
262
300
258
149
12
294
126
313
7
15
51
201
224
141
57
288
250
240
17
98
312
27
105
263
32
210
54
5
317
197
13
266
336
157
242
63
213
59
175
114
97
79
280
71
150
43
113
85
103
306
334
318
86
292
130
268
297
76
119
189
219
144
349
209
44
186
182
296
193
6
338
256
163
281
215
322
1
160
245
231
121
115
344
128
348
94
39
74
66
42
89
166
164
140
309
24
34
45
84
237
192
33
19
148
49
253
4
181
176
346
21
154
196
276
133
91
198
11
271
146
64
81
228
261
220
191
325
211
214
327
9
184
299
167
153
2
101
208
177
188
235
68
285
206
107
171
