240
168
311
197
216
59
39
134
324
265
342
101
222
269
281
40
217
73
63
0
203
290
228
24
283
337
34
215
84
310
116
293
141
136
100
130
88
144
157
112
98
61
43
237
261
49
145
229
200
201
286
232
296
6
21
263
32
151
318
268
68
211
251
226
132
166
29
248
333
44
213
275
122
83
138
99
4
105
306
76
185
7
323
48
16
243
193
348
334
212
26
273
246
13
96
278
289
338
214
302
297
74
309
175
332
188
77
87
94
252
316
299
205
55
257
95
253
181
162
163
238
231
301
111
147
187
52
264
160
64
114
190
30
314
165
11
19
218
121
225
124
192
33
270
331
28
271
46
202
335
260
183
330
155
184
115
104
25
174
142
344
5
176
60
339
123
161
139
128
65
57
81
80
272
172
249
133
320
220
285
91
143
66
58
54
235
67
307
15
262
22
255
210
53
10
31
131
27
327
346
206
317
350
150
154
319
186
250
259
227
171
325
336
109
322
56
308
343
224
345
279
328
17
135
219
148
69
127
241
93
300
313
233
294
137
23
103
156
158
71
254
315
326
42
194
195
169
266
223
303
89
1
287
245
180
152
244
153
85
282
292
159
209
140
35
82
62
126
79
234
288
72
178
267
298
199
14
347
102
119
125
117
258
276
239
291
305
164
196
36
208
204
304
120
118
221
349
50
312
78
173
274
106
179
70
107
37
280
189
247
9
129
108
8
3
230
